0     2076
1024     12714
2048     12354
3072     13599
4096     13317
5120     12066
6144     13290
7168     12510
8192     13761
9216     13731
10240     13233
11264     13377
12288     12690
13312     12888
14336     13320
15360     13227
16384     12639
17408     12990
18432     12555
19456     12177
20480     12552
21504     12693
22528     13317
23552     13065
24576     13215
25600     12978
26624     13077
27648     12783
28672     12846
29696     13440
30720     12867
31744     13524
32768     12885
33792     12693
34816     13026
35840     13656
36864     13008
37888     13047
38912     13236
39936     12804
40960     13167
41984     12999
43008     12705
44032     12702
45056     12348
46080     13032
47104     13308
48128     13575
49152     13122
50176     12669
51200     12813
52224     13230
53248     12738
54272     12960
55296     13350
56320     12900
57344     12591
58368     12642
59392     12960
60416     13050
61440     13572
62464     12708
63488     12402
64512     12531
65536     13002
66560     12492
67584     13329
68608     13560
69632     13245
70656     13140
71680     12186
72704     13290
73728     13152
74752     12921
75776     13362
76800     12276
77824     12936
78848     13029
79872     13005
80896     12696
81920     13164
82944     13314
83968     12705
84992     12822
86016     12330
87040     13281
88064     12822
89088     12330
90112     12933
91136     13056
92160     13038
93184     13014
94208     12477
95232     13245
96256     12744
97280     12900
98304     12687
99328     13116
100352     12567
101376     12486
102400     11988
103424     13020
104448     12960
105472     12837
106496     13668
107520     12801
108544     13224
109568     12606
110592     12534
111616     12669
112640     12594
113664     12909
114688     12663
115712     12999
116736     13167
117760     13185
118784     12261
119808     13365
120832     12927
121856     14097
122880     12798
123904     13104
124928     12528
125952     13038
126976     12528
128000     13020
129024     13350
130048     13077
131072     12783
132096     12663
133120     12555
134144     12552
135168     13287
136192     12897
137216     13011
138240     12486
139264     13347
140288     13062
141312     12837
142336     13092
143360     12756
144384     12690
145408     12678
146432     13191
147456     13500
148480     13353
149504     12636
150528     13281
151552     13392
152576     12993
153600     13176
154624     12855
155648     13869
156672     13068
157696     13164
158720     13251
159744     12753
160768     13065
161792     13029
162816     13299
163840     13146
164864     13176
165888     12924
166912     13212
167936     13320
168960     12876
169984     12513
171008     12648
172032     13308
173056     12699
174080     12774
175104     12687
176128     12792
177152     13092
178176     12777
179200     12552
180224     12918
181248     12858
182272     12555
183296     12780
184320     13089
185344     12075
186368     12591
187392     12663
188416     12963
189440     12612
190464     13080
191488     13086
192512     12747
193536     13023
194560     12528
195584     12309
196608     13125
197632     13527
198656     12126
199680     13317
200704     13131
201728     12930
202752     13605
203776     12849
204800     13107
205824     13107
206848     13620
207872     12918
208896     12468
209920     12843
210944     12162
211968     12948
212992     12975
214016     13179
215040     12537
216064     13782
217088     13152
218112     12864
219136     12630
220160     13344
221184     12462
222208     12750
223232     13098
224256     12804
225280     12942
226304     13308
227328     12228
228352     12882
229376     12846
230400     12669
231424     12900
232448     12909
233472     12912
234496     13278
235520     12579
236544     13515
237568     13668
238592     13926
239616     12552
240640     12723
241664     12552
242688     13059
243712     13473
244736     12474
245760     13440
246784     12588
247808     13059
248832     12600
249856     13170
250880     13212
251904     12360
252928     13329
253952     13377
254976     12795
256000     13383
257024     13356
258048     13575
259072     12948
260096     13248
261120     12996
262144     12471
263168     12981
264192     13161
265216     12312
266240     12738
267264     13728
268288     12150
269312     12573
270336     12870
271360     13503
272384     13041
273408     13074
274432     13221
275456     12525
276480     13137
277504     12942
278528     12711
279552     13104
280576     13101
281600     12669
282624     12726
283648     13233
284672     13275
285696     13521
286720     12711
287744     13284
288768     12999
289792     13137
290816     11847
291840     13107
292864     12702
293888     12750
294912     13128
295936     12582
296960     13077
297984     12897
299008     12921
300032     12711
301056     12936
302080     12666
303104     13755
304128     12831
305152     12873
306176     13149
307200     12576
308224     12438
309248     12813
310272     12519
311296     12663
312320     12624
313344     12633
314368     12312
315392     13470
316416     12471
317440     12768
318464     12858
319488     13233
320512     13131
321536     12711
322560     13251
323584     13800
324608     12486
325632     12729
326656     13080
327680     13182
328704     13026
329728     13527
330752     12999
331776     13194
332800     13125
333824     12615
334848     13104
335872     13227
336896     12843
337920     12792
338944     13005
339968     13443
340992     12819
342016     12918
343040     13140
344064     12750
345088     12987
346112     13251
347136     13170
348160     13428
349184     12039
350208     12849
351232     12759
352256     12648
353280     12960
354304     12762
355328     12735
356352     13251
357376     12876
358400     12753
359424     12309
360448     12483
361472     13044
362496     12522
363520     13125
364544     12588
365568     13458
366592     12903
367616     13026
368640     12867
369664     12414
370688     12570
371712     12672
372736     12876
373760     12780
374784     13305
375808     12969
376832     13080
377856     12903
378880     13095
379904     12708
380928     12822
381952     12435
382976     12924
384000     12792
385024     12561
386048     13089
387072     12756
388096     12663
389120     12405
390144     12993
391168     13308
392192     12630
393216     12681
394240     12777
395264     12225
396288     12525
397312     12750
398336     13017
399360     12939
400384     12633
401408     13548
402432     12858
403456     12435
404480     13035
405504     12324
406528     12129
407552     12963
408576     13467
409600     11934
410624     13017
411648     12741
412672     12966
413696     11934
414720     12741
415744     12819
416768     12591
417792     12492
418816     13209
419840     12990
420864     12771
421888     12846
422912     12942
423936     13473
424960     13203
425984     13224
427008     12918
428032     13425
429056     13089
430080     12504
431104     12741
432128     13476
433152     13122
434176     12990
435200     13182
436224     13158
437248     13053
438272     12414
439296     12855
440320     12867
441344     13281
442368     12585
443392     12891
444416     13674
445440     13443
446464     13464
447488     12183
448512     13191
449536     12786
450560     12618
451584     13101
452608     12378
453632     13197
454656     13137
455680     12723
456704     13659
457728     12702
458752     12801
459776     13164
460800     12105
461824     13422
462848     13296
463872     13227
464896     12516
465920     13461
466944     12597
467968     13608
468992     12756
470016     13041
471040     13239
472064     12735
473088     12498
474112     12909
475136     13110
476160     12789
477184     13179
478208     13218
479232     12843
480256     12963
481280     13761
482304     12789
483328     13449
484352     13197
485376     13380
486400     12741
487424     13245
488448     13197
489472     13068
490496     13050
491520     13215
492544     12753
493568     12672
494592     12756
495616     13110
496640     12918
497664     13071
498688     12768
499712     12798
500736     12693
501760     12474
502784     13365
503808     12993
504832     12789
505856     12969
506880     12093
507904     12831
508928     12684
509952     12714
510976     13728
512000     12822
513024     13608
514048     13428
515072     13215
516096     12837
517120     12645
518144     13239
519168     12582
520192     12933
521216     12903
522240     12963
523264     12834
524288     12435
525312     13596
526336     12996
527360     13257
528384     12768
529408     13422
530432     13266
531456     12585
532480     13242
533504     12390
534528     12384
535552     12189
536576     12429
537600     12099
538624     13131
539648     12777
540672     12537
541696     13047
542720     12336
543744     12186
544768     13014
545792     12660
546816     12948
547840     13590
548864     13635
549888     12507
550912     13206
551936     12678
552960     12708
553984     12915
555008     13074
556032     12435
557056     13389
558080     12765
559104     13503
560128     12807
561152     12621
562176     12069
563200     12429
564224     12810
565248     13311
566272     13401
567296     13302
568320     13455
569344     12522
570368     13431
571392     13020
572416     12936
573440     12765
574464     12807
575488     12636
576512     12912
577536     13563
578560     12906
579584     12897
580608     13131
581632     12732
582656     13269
583680     12939
584704     12735
585728     13134
586752     13284
587776     13143
588800     13077
589824     12621
590848     12876
591872     13041
592896     12804
593920     12636
594944     13167
595968     12558
596992     13536
598016     13077
599040     12999
600064     12759
601088     12720
602112     13344
603136     12693
604160     13062
605184     12525
606208     13638
607232     13281
608256     12633
609280     13548
610304     12897
611328     12585
612352     12933
613376     12621
614400     13371
615424     13596
616448     13056
617472     12807
618496     12873
619520     13287
620544     12345
621568     12861
622592     12876
623616     12675
624640     12870
625664     12759
626688     13119
627712     12840
628736     12936
629760     12510
630784     12486
631808     12987
632832     12999
633856     12414
634880     12708
635904     13206
636928     12945
637952     13446
638976     13092
640000     12801
641024     12591
642048     12873
643072     13074
644096     12774
645120     13431
646144     12717
647168     13008
648192     12993
649216     12912
650240     12792
651264     12936
652288     12705
653312     13068
654336     13659
655360     13020
656384     13467
657408     12945
658432     12783
659456     12564
660480     13155
661504     13026
662528     13287
663552     12771
664576     12684
665600     12414
666624     12699
667648     12189
668672     12585
669696     12849
670720     12720
671744     13356
672768     12408
673792     12606
674816     12804
675840     13254
676864     13107
677888     13257
678912     13314
679936     12828
680960     12189
681984     13350
683008     13182
684032     13056
685056     12459
686080     13188
687104     13560
688128     13458
689152     13299
690176     12471
691200     13245
692224     13005
693248     13062
694272     12834
695296     13272
696320     13083
697344     12588
698368     12960
699392     13290
700416     13122
701440     12921
702464     12855
703488     13635
704512     12774
705536     13182
706560     13293
707584     12642
708608     12999
709632     12879
710656     13368
711680     13125
712704     13047
713728     13029
714752     12408
715776     13260
716800     13317
717824     12912
718848     13548
719872     12906
720896     12666
721920     12816
722944     12792
723968     13053
724992     12732
726016     13509
727040     13056
728064     12822
729088     12525
730112     13170
731136     12699
732160     12987
733184     13104
734208     12306
735232     12840
736256     12909
737280     12858
738304     12930
739328     13062
740352     13134
741376     12855
742400     12159
743424     12315
744448     12978
745472     13224
746496     12642
747520     12525
748544     12921
749568     13032
750592     12492
751616     13011
752640     13494
753664     12387
754688     12951
755712     12540
756736     13674
757760     12330
758784     12153
759808     12750
760832     13320
761856     13458
762880     12942
763904     12219
764928     12993
765952     13287
766976     13209
768000     12489
769024     13641
770048     12522
771072     12852
772096     12873
773120     13539
774144     12882
775168     13500
776192     12741
777216     12987
778240     13458
779264     12960
780288     13275
781312     12915
782336     13020
783360     13215
784384     12783
785408     13464
786432     12678
787456     13467
788480     12354
789504     13254
790528     12906
791552     13107
792576     13176
793600     13020
794624     13020
795648     12558
796672     13500
797696     13407
798720     12714
799744     13017
800768     12582
801792     13311
802816     13092
803840     13260
804864     12681
805888     12915
806912     12990
807936     13248
808960     12864
809984     12993
811008     12699
812032     12255
813056     12471
814080     12990
815104     13170
816128     13071
817152     13095
818176     13053
819200     12642
820224     12201
821248     13332
822272     12531
823296     12441
824320     12768
825344     13014
826368     13272
827392     13392
828416     13104
829440     13773
830464     12777
831488     12771
832512     12849
833536     13317
834560     12573
835584     12483
836608     13179
837632     13011
838656     12897
839680     12666
840704     12867
841728     12966
842752     12759
843776     13308
844800     13230
845824     12756
846848     12489
847872     13071
848896     13269
849920     12267
850944     12615
851968     12972
852992     13068
854016     12891
855040     13785
856064     12645
857088     13239
858112     13431
859136     13119
860160     12909
861184     12861
862208     13125
863232     13203
864256     12729
865280     13389
866304     13257
867328     12174
868352     12912
869376     13107
870400     12759
871424     12471
872448     12702
873472     13107
874496     12825
875520     13287
876544     13176
877568     13284
878592     12441
879616     12747
880640     12960
881664     12702
882688     12336
883712     12252
884736     13011
885760     13191
886784     12258
887808     13164
888832     13260
889856     12750
890880     12819
891904     12798
892928     12639
893952     13260
894976     13182
896000     12570
897024     13311
898048     13353
899072     13131
900096     12564
901120     12567
902144     13203
903168     13125
904192     13089
905216     12555
906240     13512
907264     13257
908288     12864
909312     13005
910336     12900
911360     12519
912384     13089
913408     12945
914432     12762
915456     13011
916480     12984
917504     12693
918528     12522
919552     12681
920576     12873
921600     12969
922624     13533
923648     13446
924672     12780
925696     13092
926720     13077
927744     13407
928768     13437
929792     12792
930816     12531
931840     12891
932864     13371
933888     13530
934912     13077
935936     13416
936960     12768
937984     13266
939008     13305
940032     12879
941056     12864
942080     13149
943104     12936
944128     13020
945152     13185
946176     13047
947200     12483
948224     13308
949248     12882
950272     12981
951296     12561
952320     13503
953344     13497
954368     12504
955392     13200
956416     13398
957440     12609
958464     13119
959488     13347
960512     13023
961536     13104
962560     12642
963584     13116
964608     13776
965632     12894
966656     12843
967680     13293
968704     12747
969728     12948
970752     13281
971776     13017
972800     12774
973824     12663
974848     13392
975872     12717
976896     13632
977920     12645
978944     12138
979968     13137
980992     12546
982016     12510
983040     12237
984064     13119
985088     12663
986112     13281
987136     12879
988160     12795
989184     13014
990208     13074
991232     12447
992256     12999
993280     12972
994304     13056
995328     13170
996352     13458
997376     12942
998400     12726
999424     13533
1000448     13017
1001472     12693
1002496     12918
1003520     12756
1004544     13248
1005568     12765
1006592     12156
1007616     13317
1008640     12990
1009664     12522
1010688     13890
1011712     13317
1012736     12975
1013760     13005
1014784     13050
1015808     12333
1016832     13818
1017856     12876
1018880     12564
1019904     13449
1020928     13077
1021952     12954
1022976     12771
1024000     13362
1025024     12939
1026048     12942
1027072     13155
1028096     12864
1029120     13221
1030144     12711
1031168     12522
1032192     13536
1033216     12684
1034240     13050
1035264     12783
1036288     12504
1037312     12276
1038336     13038
1039360     12618
1040384     13164
1041408     13272
1042432     13248
1043456     12723
1044480     13500
1045504     12777
1046528     12567
1047552     12963
1048576     12669
1049600     13083
1050624     12654
1051648     12087
1052672     13053
1053696     12627
1054720     12645
1055744     13035
1056768     13575
1057792     13344
1058816     13566
1059840     13113
1060864     13233
1061888     12135
1062912     12789
1063936     12978
1064960     13131
1065984     13230
1067008     12927
1068032     13023
1069056     12990
1070080     12621
1071104     12864
1072128     12948
1073152     12693
1074176     13329
1075200     13068
1076224     13185
1077248     12645
1078272     12720
1079296     13065
1080320     12837
1081344     12999
1082368     13008
1083392     13056
1084416     13005
1085440     13092
1086464     12963
1087488     12702
1088512     13158
1089536     13038
1090560     12153
1091584     13218
1092608     12876
1093632     12612
1094656     12804
1095680     13467
1096704     12447
1097728     12624
1098752     12321
1099776     13209
1100800     13410
1101824     13827
1102848     13122
1103872     12270
1104896     12432
1105920     13047
1106944     13035
1107968     12264
1108992     13305
1110016     13023
1111040     12300
1112064     12876
1113088     13005
1114112     12315
1115136     12150
1116160     13707
1117184     13278
1118208     12852
1119232     12807
1120256     12660
1121280     12777
1122304     13317
1123328     12918
1124352     12720
1125376     12747
1126400     13461
1127424     13359
1128448     13017
1129472     12459
1130496     12189
1131520     13209
1132544     13266
1133568     12429
1134592     12729
1135616     13524
1136640     12345
1137664     12369
1138688     12507
1139712     13218
1140736     12825
1141760     12999
1142784     13221
1143808     12234
1144832     12633
1145856     12417
1146880     12945
1147904     13002
1148928     13389
1149952     13263
1150976     12744
1152000     13770
1153024     13068
1154048     13122
1155072     13014
1156096     13647
1157120     13053
1158144     13341
1159168     13320
1160192     12828
1161216     12729
1162240     13143
1163264     12672
1164288     12699
1165312     13221
1166336     12996
1167360     12822
1168384     12768
1169408     12531
1170432     13017
1171456     13254
1172480     13098
1173504     12888
1174528     13830
1175552     12291
1176576     13050
1177600     13020
1178624     13095
1179648     13089
1180672     13674
1181696     12711
1182720     12744
1183744     13098
1184768     12696
1185792     12312
1186816     13062
1187840     13272
1188864     12201
1189888     12750
1190912     13074
1191936     12822
1192960     12420
1193984     12369
1195008     12864
1196032     12984
1197056     12894
1198080     13215
1199104     12897
1200128     13329
1201152     12843
1202176     12690
1203200     12927
1204224     11994
1205248     13329
1206272     12228
1207296     12759
1208320     13266
1209344     13152
1210368     12696
1211392     12444
1212416     12747
1213440     12906
1214464     13095
1215488     12771
1216512     12759
1217536     12300
1218560     13128
1219584     13023
1220608     13053
1221632     12273
1222656     12933
1223680     12921
1224704     13344
1225728     12900
1226752     13104
1227776     12669
1228800     13323
1229824     12654
1230848     12861
1231872     13155
1232896     12909
1233920     13221
1234944     12765
1235968     12900
1236992     11907
1238016     12957
1239040     13215
1240064     13329
1241088     13143
1242112     12627
1243136     13011
1244160     13785
1245184     13404
1246208     12132
1247232     12831
1248256     12624
1249280     13041
1250304     12969
1251328     12801
1252352     12741
1253376     12723
1254400     12480
1255424     13407
1256448     12744
1257472     12837
1258496     13383
1259520     12693
1260544     12978
1261568     13185
1262592     13089
1263616     12951
1264640     12054
1265664     13470
1266688     13338
1267712     12621
1268736     12555
1269760     12867
1270784     12450
1271808     13386
1272832     13140
1273856     12543
1274880     13416
1275904     12318
1276928     13203
1277952     12936
1278976     13611
1280000     12963
1281024     12741
1282048     12936
1283072     12795
1284096     13032
1285120     12942
1286144     13026
1287168     12759
1288192     12999
1289216     13329
1290240     12933
1291264     13410
1292288     13203
1293312     13038
1294336     12684
1295360     13362
1296384     13098
1297408     12810
1298432     13008
1299456     13038
1300480     12870
1301504     12735
1302528     13134
1303552     13059
1304576     13566
1305600     13338
1306624     13104
1307648     12621
1308672     13224
1309696     12615
1310720     12264
1311744     13035
1312768     12762
1313792     12432
1314816     13461
1315840     13242
1316864     12885
1317888     12768
1318912     12708
1319936     12549
1320960     12990
1321984     13263
1323008     12978
1324032     13140
1325056     12486
1326080     12969
1327104     12933
1328128     13407
1329152     12291
1330176     12957
1331200     12534
1332224     12414
1333248     13512
1334272     13431
1335296     13410
1336320     12963
1337344     12960
1338368     12315
1339392     12156
1340416     12600
1341440     13098
1342464     13041
1343488     12867
1344512     13068
1345536     12345
1346560     12912
1347584     13338
1348608     13185
1349632     12333
1350656     12390
1351680     13179
1352704     13443
1353728     12582
1354752     12861
1355776     12969
1356800     12966
1357824     13434
1358848     13464
1359872     12336
1360896     12795
1361920     13152
1362944     12855
1363968     12399
1364992     12837
1366016     13311
1367040     12975
1368064     12783
1369088     12684
1370112     12963
1371136     13332
1372160     12474
1373184     13365
1374208     12972
1375232     13131
1376256     11937
1377280     12945
1378304     12729
1379328     12813
1380352     12033
1381376     12843
1382400     12390
1383424     12867
1384448     13356
1385472     12762
1386496     13188
1387520     13281
1388544     13308
1389568     13263
1390592     13275
1391616     13140
1392640     13362
1393664     12600
1394688     12885
1395712     12945
1396736     12780
1397760     12444
1398784     12156
1399808     12537
1400832     12927
1401856     12936
1402880     12960
1403904     12405
1404928     13131
1405952     13929
1406976     12684
1408000     13284
1409024     12885
1410048     12237
1411072     12552
1412096     12717
1413120     13500
1414144     13053
1415168     12501
1416192     13275
1417216     12705
1418240     13125
1419264     12942
1420288     13590
1421312     13071
1422336     12255
1423360     12477
1424384     12546
1425408     12921
1426432     13605
1427456     12573
1428480     13176
1429504     12783
1430528     13068
1431552     12621
1432576     12999
1433600     12771
1434624     13623
1435648     13065
1436672     12462
1437696     12630
1438720     13260
1439744     13113
1440768     12798
1441792     12696
1442816     13305
1443840     13215
1444864     12762
1445888     12939
1446912     12975
1447936     13092
1448960     13068
1449984     13056
1451008     12576
1452032     12594
1453056     13116
1454080     12558
1455104     12426
1456128     12423
1457152     12033
1458176     12849
1459200     13143
1460224     13149
1461248     12636
1462272     13203
1463296     12549
1464320     13599
1465344     13047
1466368     13224
1467392     13155
1468416     13113
1469440     13437
1470464     12810
1471488     12939
1472512     12411
1473536     13710
1474560     12927
1475584     12975
1476608     12825
1477632     13434
1478656     13020
1479680     12237
1480704     12615
1481728     12864
1482752     12537
1483776     12948
1484800     12732
1485824     12477
1486848     13260
1487872     12504
1488896     13035
1489920     12090
1490944     13143
1491968     12375
