0     0
1     348
2     444
3     492
4     564
5     615
6     729
7     720
8     627
9     753
10     744
11     870
12     789
13     807
14     816
15     789
16     909
17     726
18     918
19     699
20     864
21     654
22     798
23     729
24     792
25     762
26     747
27     717
28     828
29     588
30     678
31     678
32     798
33     741
34     789
35     909
36     672
37     597
38     729
39     609
40     729
41     690
42     546
43     678
44     615
45     783
46     528
47     639
48     642
49     705
50     687
51     510
52     573
53     546
54     579
55     594
56     594
57     531
58     612
59     702
60     678
61     660
62     768
63     645
64     786
65     735
66     744
67     873
68     675
69     618
70     741
71     570
72     669
73     789
74     756
75     858
76     663
77     762
78     714
79     921
80     576
81     672
82     693
83     675
84     801
85     705
86     786
87     747
88     927
89     654
90     711
91     624
92     657
93     669
94     690
95     609
96     780
97     636
98     822
99     606
100     777
101     645
102     648
103     723
104     852
105     693
106     696
107     870
108     756
109     639
110     699
111     663
112     708
113     714
114     765
115     765
116     843
117     702
118     750
119     846
120     807
121     777
122     792
123     669
124     825
125     861
126     657
127     762
128     732
129     807
130     753
131     714
132     741
133     693
134     678
135     732
136     666
137     753
138     756
139     798
140     879
141     690
142     633
143     732
144     588
145     855
146     615
147     711
148     681
149     705
150     822
151     663
152     735
153     765
154     687
155     786
156     804
157     717
158     798
159     771
160     825
161     768
162     774
163     702
164     732
165     777
166     636
167     645
168     723
169     615
170     693
171     795
172     774
173     639
174     705
175     702
176     837
177     789
178     732
179     840
180     807
181     660
182     579
183     783
184     531
185     531
186     594
187     684
188     582
189     651
190     666
191     636
192     633
193     738
194     540
195     537
196     585
197     405
198     432
199     462
200     561
201     513
202     570
203     591
204     552
205     621
206     579
207     579
208     522
209     690
210     540
211     594
212     681
213     486
214     498
215     594
216     573
217     711
218     513
219     549
220     519
221     552
222     543
223     555
224     588
225     486
226     651
227     504
228     507
229     474
230     525
231     519
232     555
233     504
234     645
235     462
236     519
237     504
238     648
239     462
240     504
241     573
242     561
243     588
244     603
245     591
246     567
247     657
248     540
249     582
250     567
251     657
252     537
253     606
254     606
255     555
256     588
257     606
258     651
259     603
260     546
261     690
262     573
263     594
264     525
265     537
266     711
267     438
268     462
269     537
270     492
271     528
272     447
273     519
274     498
275     558
276     525
277     486
278     507
279     513
280     570
281     630
282     594
283     546
284     525
285     561
286     573
287     519
288     579
289     633
290     432
291     546
292     537
293     567
294     432
295     417
296     534
297     504
298     561
299     582
300     564
301     648
302     519
303     525
304     510
305     582
306     606
307     489
308     441
309     399
310     459
311     405
312     492
313     399
314     477
315     474
316     402
317     426
318     435
319     462
320     456
321     471
322     471
323     450
324     411
325     405
326     489
327     435
328     414
329     348
330     399
331     423
332     384
333     330
334     402
335     441
336     399
337     462
338     507
339     315
340     411
341     396
342     423
343     516
344     444
345     513
346     408
347     477
348     462
349     414
350     570
351     339
352     378
353     405
354     360
355     378
356     405
357     429
358     453
359     438
360     417
361     390
362     435
363     474
364     468
365     477
366     447
367     597
368     318
369     294
370     360
371     342
372     378
373     396
374     348
375     366
376     405
377     405
378     351
379     429
380     357
381     489
382     303
383     366
384     348
385     333
386     426
387     303
388     387
389     384
390     399
391     420
392     384
393     480
394     321
395     390
396     390
397     378
398     408
399     357
400     423
401     345
402     435
403     369
404     465
405     330
406     363
407     411
408     432
409     390
410     456
411     501
412     378
413     357
414     444
415     366
416     366
417     462
418     453
419     381
420     393
421     354
422     432
423     333
424     318
425     339
426     303
427     360
428     357
429     354
430     444
431     363
432     411
433     459
434     357
435     384
436     366
437     312
438     348
439     399
440     324
441     384
442     423
443     408
444     369
445     426
446     429
447     405
448     393
449     516
450     363
451     453
452     372
453     375
454     426
455     348
456     414
457     303
458     342
459     315
460     351
461     318
462     378
463     354
464     348
465     384
466     273
467     327
468     282
469     348
470     297
471     426
472     276
473     330
474     384
475     357
476     411
477     306
478     384
479     285
480     324
481     423
482     342
483     444
484     378
485     351
486     375
487     498
488     297
489     291
490     306
491     330
492     363
493     393
494     384
495     429
496     357
497     432
498     264
499     261
500     312
501     324
502     390
503     327
504     435
505     345
506     423
507     444
508     390
509     417
510     465
511     432
512     393
513     486
514     339
515     291
516     303
517     324
518     462
519     282
520     342
521     273
522     354
523     357
524     444
525     318
526     396
527     387
528     426
529     384
530     501
531     396
532     411
533     381
534     426
535     447
536     432
537     390
538     450
539     363
540     504
541     300
542     384
543     318
544     408
545     318
546     408
547     303
548     387
549     291
550     309
551     360
552     348
553     312
554     351
555     330
556     414
557     423
558     447
559     447
560     417
561     495
562     345
563     348
564     414
565     345
566     372
567     345
568     468
569     306
570     345
571     279
572     312
573     339
574     384
575     357
576     465
577     357
578     435
579     309
580     312
581     300
582     351
583     288
584     369
585     291
586     408
587     270
588     345
589     330
590     399
591     279
592     354
593     345
594     366
595     372
596     321
597     381
598     360
599     414
600     303
601     336
602     297
603     402
604     264
605     285
606     303
607     306
608     360
609     360
610     318
611     330
612     321
613     333
614     405
615     261
616     285
617     285
618     285
619     318
620     246
621     309
622     195
623     156
624     168
625     183
626     165
627     171
628     147
629     159
630     150
631     153
632     153
633     150
634     126
635     156
636     141
637     162
638     132
639     162
640     126
641     138
642     153
643     153
644     147
645     141
646     177
647     150
648     150
649     144
650     117
651     156
652     105
653     114
654     120
655     138
656     153
657     135
658     120
659     141
660     132
661     141
662     150
663     114
664     114
665     108
666     114
667     144
668     138
669     165
670     171
671     153
672     189
673     141
674     156
675     162
676     135
677     180
678     129
679     159
680     102
681     129
682     177
683     126
684     144
685     141
686     159
687     123
688     135
689     138
690     141
691     138
692     147
693     120
694     141
695     120
696     120
697     144
698     111
699     135
700     96
701     90
702     99
703     75
704     81
705     66
706     75
707     60
708     60
709     66
710     42
711     30
712     12
713     6
