0     0
1     888
2     1464
3     1536
4     2304
5     1608
6     2628
7     1500
8     1968
9     1920
10     2412
11     2004
12     2832
13     1308
14     1464
15     1284
16     1272
17     1320
18     1392
19     1428
20     1104
21     1284
22     1680
23     1068
24     1212
25     1512
26     1152
27     1428
28     1332
29     1716
30     1368
31     1500
32     1836
33     1344
34     1680
35     1632
36     1308
37     1740
38     1596
39     1752
40     1656
41     1716
42     1668
43     2028
44     2136
45     1848
46     2148
47     1392
48     1548
49     1560
50     1344
51     1584
52     1656
53     1248
54     1272
55     1656
56     1416
57     2328
58     1092
59     864
60     876
61     840
62     696
63     408
64     288
65     264
66     264
67     264
68     264
69     264
70     264
71     264
72     264
73     264
74     264
75     264
76     264
77     264
78     264
79     264
80     264
81     264
82     264
83     264
84     264
85     264
86     264
87     264
88     264
89     264
90     264
91     264
92     264
93     264
94     264
95     264
96     264
97     264
98     264
99     264
100     264
101     264
102     264
103     264
104     264
105     264
106     264
107     264
108     264
109     264
110     264
111     264
112     264
113     264
114     264
115     264
116     264
117     264
118     264
119     264
120     264
121     264
122     264
123     264
124     264
125     264
126     264
127     264
128     264
129     264
130     264
131     264
132     264
133     264
134     264
135     264
136     264
137     264
138     264
139     264
140     264
141     264
142     264
143     264
144     264
145     264
146     264
147     264
148     264
149     264
150     264
151     264
152     264
153     264
154     264
155     264
156     264
157     264
158     264
159     264
160     264
161     264
162     264
163     264
164     264
165     264
166     264
167     264
168     264
169     264
170     264
171     264
172     264
173     264
174     264
175     264
176     264
177     264
178     264
179     264
180     264
181     264
182     264
183     264
184     264
185     264
186     264
187     264
188     264
189     264
190     264
191     264
192     264
193     264
194     264
195     264
196     264
197     264
198     264
199     264
200     264
201     264
202     264
203     264
204     264
205     264
206     264
207     264
208     264
209     264
210     264
211     264
212     264
213     264
214     264
215     264
216     264
217     264
218     264
219     264
220     264
221     264
222     264
223     264
224     264
225     264
226     264
227     264
228     264
229     264
230     264
231     264
232     264
233     264
234     264
235     264
236     264
237     264
238     264
239     264
240     264
241     264
242     264
243     264
244     264
245     264
246     264
247     264
248     264
249     264
