0     0
0     0
0     0
0     0
0     0
0     0
0     0
0     0
0     0
0     0
0     0
0     0
0     0
0     0
0     0
0     0
0     0
0     0
0     0
0     0
0     0
0     0
0     0
1     384
1     384
1     384
1     384
1     384
1     384
1     384
1     384
1     384
1     384
1     384
1     384
1     384
1     384
1     384
1     384
1     384
1     384
1     384
1     384
1     384
1     384
1     384
1     384
1     384
1     384
1     384
1     384
1     384
1     384
1     384
1     384
2     564
2     564
2     564
2     564
2     564
2     564
2     564
2     564
2     564
2     564
2     564
2     564
2     564
2     564
2     564
2     564
3     600
3     600
3     600
3     600
3     600
3     600
3     600
3     600
4     720
4     720
4     720
4     720
4     720
4     720
4     720
4     720
5     648
5     648
5     648
5     648
6     972
6     972
6     972
6     972
7     396
7     396
7     396
7     396
8     462
8     462
9     282
9     282
10     360
10     360
11     246
11     246
12     210
12     210
13     186
13     186
14     210
14     210
15     114
15     114
16     114
16     114
17     114
17     114
18     114
18     114
19     114
19     114
20     114
20     114
21     114
21     114
22     114
22     114
23     114
23     114
24     114
24     114
25     114
25     114
26     114
26     114
27     114
27     114
28     114
28     114
29     114
29     114
30     114
30     114
31     114
31     114
32     114
32     114
33     114
33     114
34     114
34     114
35     114
35     114
36     114
36     114
37     114
37     114
38     114
38     114
39     114
39     114
40     114
40     114
41     114
41     114
42     114
43     114
44     114
45     114
46     114
47     114
48     114
49     114
50     114
51     114
52     114
53     114
54     114
55     114
56     114
57     114
58     114
59     114
60     114
61     114
62     114
63     114
64     114
65     114
66     114
67     114
68     114
69     114
70     114
71     114
72     114
73     114
74     114
75     114
76     114
77     114
78     114
79     114
80     114
81     114
82     114
83     114
84     114
85     114
86     114
87     114
88     114
89     114
90     114
91     114
92     114
93     114
94     114
95     114
96     114
97     114
98     114
99     114
100     114
101     114
102     114
103     114
104     114
105     114
106     114
107     114
108     114
109     114
110     114
111     114
112     114
113     114
114     114
115     114
116     114
117     114
118     114
119     114
120     114
121     114
122     114
123     114
124     114
125     114
126     114
127     114
128     114
129     114
130     114
131     114
132     114
133     114
134     114
135     114
136     114
137     114
138     114
139     114
140     114
141     114
142     114
143     114
144     114
145     114
146     114
147     114
148     114
149     114
150     114
151     114
152     114
153     114
154     114
155     114
156     114
157     114
158     114
159     114
160     114
161     114
162     114
163     114
164     114
165     114
166     114
167     114
168     114
169     114
170     114
171     114
172     114
173     114
174     114
175     114
176     114
177     114
178     114
179     114
180     114
181     114
182     114
183     114
184     114
185     114
186     114
187     114
188     114
189     114
190     114
191     114
192     114
193     114
194     114
195     114
196     114
197     114
198     114
199     114
200     114
201     114
202     114
203     114
204     114
205     114
206     114
207     114
208     114
209     114
210     114
211     114
212     114
213     114
214     114
215     114
216     114
217     114
218     114
219     114
220     114
221     114
222     114
223     114
224     114
225     114
226     114
227     114
228     114
229     114
