0     0
1     696
2     1116
3     1176
4     1656
5     1224
6     1992
7     1104
8     1320
9     1332
10     1374
11     1554
12     1578
13     1566
14     1578
15     1800
16     1674
17     1842
18     2070
19     1692
20     1488
21     1500
22     1686
23     1512
24     1758
25     1758
26     1812
27     1830
28     1758
29     2022
30     1872
31     1716
32     2226
33     1668
34     2172
35     1536
36     2052
37     2418
38     1830
39     2064
40     1794
41     2232
42     1860
43     2112
44     1998
45     2256
46     2184
47     2442
48     2298
49     2196
50     2154
51     1740
52     2010
53     1938
54     1746
55     1908
56     1536
57     2100
58     2016
59     2490
60     2052
61     3024
62     966
63     1092
64     768
65     846
66     306
67     264
68     198
69     270
70     96
71     54
72     54
73     54
74     54
75     54
76     54
77     54
78     54
79     54
80     54
81     54
82     54
83     54
84     54
85     54
86     54
87     54
88     54
89     54
90     54
91     54
92     54
93     54
94     54
95     54
96     54
97     54
98     54
99     54
100     54
101     54
102     54
103     54
104     54
105     54
106     54
107     54
108     54
109     54
110     54
111     54
112     54
113     54
114     54
115     54
116     54
117     54
118     54
119     54
120     54
121     54
122     54
123     54
124     54
125     54
126     54
127     54
128     54
129     54
130     54
131     54
132     54
133     54
134     54
135     54
136     54
137     54
138     54
139     54
140     54
141     54
142     54
143     54
144     54
145     54
146     54
147     54
148     54
149     54
150     54
151     54
152     54
153     54
154     54
155     54
156     54
157     54
158     54
159     54
160     54
161     54
162     54
163     54
164     54
165     54
166     54
167     54
168     54
169     54
170     54
171     54
172     54
173     54
174     54
175     54
176     54
177     54
178     54
179     54
180     54
181     54
182     54
183     54
184     54
185     54
186     54
187     54
188     54
189     54
190     54
191     54
192     54
193     54
194     54
195     54
196     54
197     54
198     54
199     54
200     54
201     54
202     54
203     54
204     54
205     54
206     54
207     54
208     54
209     54
210     54
211     54
212     54
213     54
214     54
215     54
216     54
217     54
218     54
219     54
220     54
