0     0
0     0
0     0
0     0
0     0
0     0
0     0
0     0
0     0
0     0
0     0
0     0
0     0
0     0
0     0
0     0
0     0
0     0
0     0
0     0
0     0
0     0
0     0
0     0
0     0
0     0
0     0
0     0
0     0
0     0
0     0
0     0
0     0
0     0
0     0
0     0
0     0
0     0
0     0
0     0
0     0
0     0
0     0
0     0
0     0
0     0
0     0
0     0
0     0
0     0
0     0
0     0
0     0
0     0
0     0
0     0
0     0
0     0
0     0
0     0
0     0
0     0
0     0
0     0
0     0
0     0
0     0
0     0
0     0
1     48
1     48
1     48
1     48
1     48
1     48
1     48
1     48
1     48
1     48
1     48
1     48
1     48
1     48
1     48
1     48
1     48
1     48
1     48
1     48
1     48
1     48
1     48
1     48
1     48
1     48
1     48
1     48
1     48
1     48
1     48
1     48
2     30
2     30
2     30
2     30
2     30
2     30
2     30
2     30
2     30
2     30
2     30
2     30
2     30
2     30
2     30
2     30
2     30
2     30
2     30
2     30
2     30
2     30
2     30
2     30
2     30
2     30
2     30
2     30
2     30
2     30
2     30
2     30
3     6
3     6
3     6
3     6
3     6
3     6
3     6
3     6
3     6
3     6
3     6
3     6
3     6
3     6
3     6
3     6
3     6
3     6
3     6
3     6
3     6
3     6
3     6
3     6
3     6
3     6
3     6
3     6
3     6
3     6
3     6
3     6
4     6
4     6
4     6
4     6
4     6
4     6
4     6
4     6
4     6
4     6
4     6
4     6
4     6
4     6
4     6
4     6
4     6
4     6
4     6
4     6
4     6
4     6
4     6
4     6
4     6
4     6
4     6
4     6
4     6
4     6
4     6
4     6
5     6
5     6
5     6
5     6
5     6
5     6
5     6
5     6
5     6
5     6
5     6
5     6
5     6
5     6
5     6
5     6
5     6
5     6
5     6
5     6
5     6
5     6
5     6
5     6
5     6
5     6
5     6
5     6
5     6
5     6
5     6
5     6
6     6
6     6
6     6
6     6
6     6
6     6
6     6
6     6
6     6
6     6
6     6
6     6
6     6
6     6
6     6
6     6
6     6
6     6
6     6
6     6
6     6
6     6
6     6
6     6
6     6
6     6
6     6
6     6
6     6
6     6
6     6
6     6
7     6
7     6
7     6
7     6
7     6
7     6
7     6
7     6
7     6
7     6
7     6
7     6
7     6
7     6
7     6
7     6
7     6
7     6
7     6
7     6
