0     0
0     0
0     0
0     0
0     0
0     0
0     0
0     0
0     0
0     0
0     0
0     0
0     0
0     0
0     0
0     0
0     0
0     0
0     0
0     0
0     0
0     0
0     0
0     0
0     0
0     0
0     0
0     0
0     0
0     0
0     0
0     0
0     0
0     0
0     0
1     1896
1     1896
1     1896
1     1896
1     1896
1     1896
1     1896
1     1896
1     1896
1     1896
1     1896
1     1896
1     1896
1     1896
1     1896
1     1896
1     1896
1     1896
1     1896
1     1896
1     1896
1     1896
1     1896
1     1896
1     1896
1     1896
1     1896
1     1896
1     1896
1     1896
1     1896
1     1896
2     1440
2     1440
2     1440
2     1440
2     1440
2     1440
2     1440
2     1440
2     1440
2     1440
2     1440
2     1440
2     1440
2     1440
2     1440
2     1440
2     1440
2     1440
2     1440
2     1440
2     1440
2     1440
2     1440
2     1440
2     1440
2     1440
2     1440
2     1440
2     1440
2     1440
2     1440
2     1440
3     1680
3     1680
3     1680
3     1680
3     1680
3     1680
3     1680
3     1680
3     1680
3     1680
3     1680
3     1680
3     1680
3     1680
3     1680
3     1680
3     1680
3     1680
3     1680
3     1680
3     1680
3     1680
3     1680
3     1680
3     1680
3     1680
3     1680
3     1680
3     1680
3     1680
3     1680
3     1680
4     1380
4     1380
4     1380
4     1380
4     1380
4     1380
4     1380
4     1380
4     1380
4     1380
4     1380
4     1380
4     1380
4     1380
4     1380
4     1380
4     1380
4     1380
4     1380
4     1380
4     1380
4     1380
4     1380
4     1380
4     1380
4     1380
4     1380
4     1380
4     1380
4     1380
4     1380
4     1380
5     1560
5     1560
5     1560
5     1560
5     1560
5     1560
5     1560
5     1560
5     1560
5     1560
5     1560
5     1560
5     1560
5     1560
5     1560
5     1560
5     1560
5     1560
5     1560
5     1560
5     1560
5     1560
5     1560
5     1560
5     1560
5     1560
5     1560
5     1560
5     1560
5     1560
5     1560
5     1560
6     1692
6     1692
6     1692
6     1692
6     1692
6     1692
6     1692
6     1692
6     1692
6     1692
6     1692
6     1692
6     1692
6     1692
6     1692
6     1692
6     1692
6     1692
6     1692
6     1692
6     1692
6     1692
6     1692
6     1692
6     1692
6     1692
6     1692
6     1692
6     1692
6     1692
6     1692
6     1692
7     1368
7     1368
7     1368
7     1368
7     1368
7     1368
7     1368
7     1368
7     1368
7     1368
7     1368
7     1368
7     1368
7     1368
7     1368
7     1368
8     1788
8     1788
8     1788
8     1788
8     1788
8     1788
8     1788
8     1788
8     1788
8     1788
8     1788
8     1788
8     1788
8     1788
8     1788
8     1788
9     2076
9     2076
9     2076
9     2076
9     2076
9     2076
9     2076
9     2076
10     2148
10     2148
10     2148
10     2148
10     2148
10     2148
10     2148
10     2148
11     2472
11     2472
11     2472
11     2472
12     2892
12     2892
13     2928
13     2928
14     2712
14     2712
15     3528
15     3528
16     3312
17     3624
18     4464
19     3540
20     3288
21     4320
22     3960
23     4128
24     3648
25     4392
26     4032
27     4092
28     4164
29     4632
30     4284
31     5424
32     3780
33     3444
34     4656
35     3780
36     4680
37     4452
38     4404
39     5760
40     3180
41     3900
42     4368
43     5028
44     4944
45     4824
46     4860
47     4896
48     4536
49     5436
50     4716
51     4104
52     4068
53     4032
54     4668
55     4404
56     4500
57     4644
58     4356
59     4584
60     3516
61     5208
62     3672
63     3708
64     4008
65     3996
66     4128
67     4536
68     3612
69     4404
70     4536
71     4044
72     3804
73     4248
74     4080
75     4236
76     4428
77     4980
78     3828
79     4416
80     5100
81     3864
82     4560
83     5004
84     3888
85     4728
86     4788
87     5232
88     4164
89     4416
90     4344
91     5700
92     3900
93     4896
94     4272
95     4500
96     4584
97     4368
98     4380
99     5088
100     4512
101     4896
102     4812
103     4404
104     4692
105     4680
106     5304
107     4428
108     2916
109     3324
110     3936
111     4056
112     4248
113     4080
114     4644
115     3912
116     4824
117     3948
118     3480
119     4632
120     4008
121     3780
122     3996
123     4152
124     4320
125     5064
126     3828
127     4800
128     4356
129     4632
130     4896
131     4512
132     4872
133     4284
134     3600
135     4416
136     4512
137     4272
138     5172
139     4668
140     4536
141     5748
142     4056
143     4224
144     4776
145     5100
146     4788
147     4140
148     4740
149     5160
150     4284
151     5400
152     4524
153     4776
154     4440
155     3984
156     4488
157     4356
158     4560
159     4212
160     5604
161     4128
162     4464
163     5352
164     3720
165     4512
166     4596
167     4596
168     4992
169     4452
170     4476
171     4536
172     4164
173     4920
174     3960
175     4476
176     4272
177     4236
178     4224
179     4716
180     4224
181     4356
182     4332
183     4776
184     4584
185     4980
186     4632
187     5352
188     4692
189     4860
190     5880
191     3840
192     4548
193     4200
194     4704
195     4536
196     5088
197     4236
198     3864
199     4476
200     4428
201     5088
202     3924
203     4116
204     4800
205     3684
206     4980
207     4500
208     4968
209     4368
210     4188
211     4740
212     4692
213     4776
214     4128
215     4584
216     5856
217     3552
218     3948
219     4236
220     5076
221     4176
222     4992
223     4404
224     4740
225     4524
226     5172
227     4020
228     5256
229     3732
230     4704
231     4692
232     3876
233     4392
234     4212
235     5016
236     4932
237     4200
238     5016
239     4812
240     5160
241     3576
242     5400
243     4284
244     4992
245     4872
246     4344
247     4524
248     4932
249     4584
250     3972
251     4992
252     3996
253     5340
254     3828
255     4440
256     3864
257     5100
258     3456
259     4668
260     4308
261     4188
262     4032
263     4092
264     4176
265     3576
266     4932
267     4428
268     4464
269     4560
270     4980
271     4020
272     5472
273     3888
274     3588
275     4680
276     3924
277     4212
278     5676
279     3192
280     4356
281     3876
282     3420
283     3444
284     3480
285     4260
286     3612
287     3660
288     4008
289     4272
290     4032
291     3888
292     5148
293     3972
294     4188
295     5508
296     4200
297     5136
298     4992
299     4272
300     4752
301     4692
302     3876
303     4788
304     4968
305     3468
306     3936
307     3876
308     4068
309     4752
310     4560
311     4272
312     4272
313     3780
314     4572
315     4224
316     4512
317     4884
318     5172
319     4296
320     4152
321     4560
322     4464
323     4344
324     4656
325     4344
326     4692
327     4476
328     4668
329     4452
330     5076
331     4128
332     4572
333     4692
334     5004
335     4248
336     5064
337     4488
338     4920
339     5256
340     4980
341     4668
342     4680
343     5064
344     4188
345     5280
346     5004
347     4428
348     4368
349     4800
350     5304
351     4284
352     5436
353     3372
354     4068
355     4428
356     5148
357     4212
358     4236
359     4224
360     4380
361     4500
362     4932
363     4620
364     4596
365     4824
366     4176
367     4548
368     4680
369     4368
370     3084
371     3528
372     4728
373     3972
374     3612
375     4140
376     4668
377     4044
378     5184
379     4572
380     4656
381     5136
382     3984
383     4452
384     3960
385     4524
386     4896
387     4140
388     4488
389     4680
390     3816
391     3672
392     4188
393     3996
394     4068
395     3924
396     3756
397     4164
398     4224
399     4020
400     4704
401     3756
402     4368
403     4668
404     3636
405     4296
406     4584
407     4188
408     5592
409     3744
410     4056
411     5712
412     3096
413     4236
414     3432
415     3252
416     3960
417     3936
418     4272
419     4320
420     3756
421     4860
422     4656
423     4356
424     5388
425     4632
426     3492
427     4404
428     3672
429     4392
430     4548
431     5040
432     4764
433     4512
434     4272
435     3432
436     4404
437     4836
438     5124
439     3636
440     5052
441     3300
442     3888
443     3696
444     4044
445     4488
446     4116
447     4728
448     5112
449     4788
450     3996
451     4536
452     5124
453     3960
454     5136
455     4092
456     4536
457     4296
458     4512
459     4116
460     4836
461     4080
462     4224
463     4932
464     4908
465     4764
466     5256
467     4980
468     3480
469     4164
470     4284
471     4416
472     5052
473     4332
474     4848
475     4584
476     4812
477     5208
478     4164
479     5064
480     4752
481     4008
482     4776
483     4992
484     4836
485     4032
486     4296
487     4404
488     4380
489     4044
490     3792
491     4284
492     3648
493     4860
494     3816
495     5724
496     3612
497     5076
498     4260
499     4908
500     4608
501     4704
502     4548
503     4992
504     4668
505     4752
506     5244
507     3612
