0     0
0     0
0     0
0     0
0     0
0     0
0     0
0     0
0     0
0     0
0     0
0     0
0     0
0     0
0     0
0     0
0     0
0     0
0     0
0     0
0     0
0     0
0     0
0     0
0     0
0     0
0     0
0     0
0     0
0     0
0     0
0     0
0     0
0     0
0     0
1     168
1     168
1     168
1     168
1     168
1     168
1     168
1     168
1     168
1     168
1     168
1     168
1     168
1     168
1     168
1     168
1     168
1     168
1     168
1     168
1     168
1     168
1     168
1     168
1     168
1     168
1     168
1     168
1     168
1     168
1     168
1     168
2     204
2     204
2     204
2     204
2     204
2     204
2     204
2     204
2     204
2     204
2     204
2     204
2     204
2     204
2     204
2     204
2     204
2     204
2     204
2     204
2     204
2     204
2     204
2     204
2     204
2     204
2     204
2     204
2     204
2     204
2     204
2     204
3     216
3     216
3     216
3     216
3     216
3     216
3     216
3     216
3     216
3     216
3     216
3     216
3     216
3     216
3     216
3     216
3     216
3     216
3     216
3     216
3     216
3     216
3     216
3     216
3     216
3     216
3     216
3     216
3     216
3     216
3     216
3     216
4     156
4     156
4     156
4     156
4     156
4     156
4     156
4     156
4     156
4     156
4     156
4     156
4     156
4     156
4     156
4     156
4     156
4     156
4     156
4     156
4     156
4     156
4     156
4     156
4     156
4     156
4     156
4     156
4     156
4     156
4     156
4     156
5     168
5     168
5     168
5     168
5     168
5     168
5     168
5     168
5     168
5     168
5     168
5     168
5     168
5     168
5     168
5     168
5     168
5     168
5     168
5     168
5     168
5     168
5     168
5     168
5     168
5     168
5     168
5     168
5     168
5     168
5     168
5     168
6     144
6     144
6     144
6     144
6     144
6     144
6     144
6     144
6     144
6     144
6     144
6     144
6     144
6     144
6     144
6     144
6     144
6     144
6     144
6     144
6     144
6     144
6     144
6     144
6     144
6     144
6     144
6     144
6     144
6     144
6     144
6     144
7     168
7     168
7     168
7     168
7     168
7     168
7     168
7     168
7     168
7     168
7     168
7     168
7     168
7     168
7     168
7     168
7     168
7     168
7     168
7     168
7     168
7     168
7     168
7     168
7     168
7     168
7     168
7     168
7     168
7     168
7     168
7     168
8     120
8     120
8     120
8     120
8     120
8     120
8     120
8     120
8     120
8     120
8     120
8     120
8     120
8     120
8     120
8     120
8     120
8     120
8     120
8     120
8     120
8     120
8     120
8     120
8     120
8     120
8     120
8     120
8     120
8     120
8     120
8     120
9     132
9     132
9     132
9     132
9     132
9     132
9     132
9     132
9     132
9     132
9     132
9     132
9     132
9     132
9     132
9     132
9     132
9     132
9     132
9     132
9     132
9     132
9     132
9     132
9     132
9     132
9     132
9     132
9     132
9     132
9     132
9     132
10     180
10     180
10     180
10     180
10     180
10     180
10     180
10     180
10     180
10     180
10     180
10     180
10     180
10     180
10     180
10     180
10     180
10     180
10     180
10     180
10     180
10     180
10     180
10     180
10     180
10     180
10     180
10     180
10     180
10     180
10     180
10     180
11     36
11     36
11     36
11     36
11     36
11     36
11     36
11     36
11     36
11     36
11     36
11     36
11     36
11     36
11     36
11     36
11     36
11     36
11     36
11     36
11     36
11     36
11     36
11     36
11     36
11     36
11     36
11     36
11     36
11     36
11     36
11     36
12     0
12     0
12     0
12     0
12     0
12     0
12     0
12     0
12     0
12     0
12     0
12     0
12     0
12     0
12     0
12     0
12     0
12     0
12     0
12     0
12     0
12     0
12     0
12     0
12     0
12     0
12     0
12     0
12     0
12     0
12     0
12     0
13     0
13     0
13     0
13     0
13     0
13     0
13     0
13     0
13     0
13     0
13     0
13     0
13     0
13     0
13     0
13     0
13     0
13     0
13     0
13     0
13     0
13     0
13     0
13     0
13     0
13     0
13     0
13     0
13     0
13     0
13     0
13     0
14     0
14     0
14     0
14     0
14     0
14     0
14     0
14     0
14     0
14     0
14     0
14     0
14     0
14     0
14     0
14     0
14     0
14     0
14     0
14     0
14     0
14     0
14     0
14     0
14     0
14     0
14     0
14     0
14     0
14     0
14     0
14     0
15     0
