0     0
1     2208
2     3924
3     4056
4     7344
5     4248
6     7128
7     5784
8     10560
9     5568
10     7080
11     7056
12     9546
13     7950
14     7992
15     8766
16     9132
17     9756
18     7770
19     9954
20     8292
21     9642
22     9792
23     9246
24     10188
25     10422
26     11298
27     10560
28     11178
29     10830
30     11844
31     12894
32     10776
33     10500
34     11274
35     11958
36     10734
37     12444
38     9546
39     10788
40     12528
41     11724
42     13806
43     10356
44     12258
45     12498
46     12510
47     12414
48     12390
49     11562
50     13290
51     11022
52     12006
53     12756
54     11340
55     14274
56     11538
57     11460
58     12288
59     10992
60     12666
61     11604
62     12336
63     12228
64     13032
65     12162
66     11682
67     12240
68     12570
69     11712
70     13326
71     12558
72     13716
73     13254
74     12900
75     12702
76     12576
77     12546
78     13296
79     14112
80     10422
81     10902
82     11190
83     11952
84     12900
85     11046
86     12312
87     12150
88     14022
89     12042
90     13074
91     13092
92     12606
93     14532
94     11274
95     11760
96     13122
97     11532
98     12006
99     13422
100     13218
101     12726
102     14022
103     13638
104     13032
105     13362
106     11862
107     14748
108     11952
109     13566
110     13662
111     13698
112     11556
113     12708
114     13152
115     11592
116     13392
117     11124
118     12558
119     12336
120     11850
121     11448
122     12126
123     13866
124     11748
125     12990
126     13140
127     11658
128     12846
129     12546
130     13116
131     13770
132     11544
133     12426
134     14028
135     12462
136     13026
137     11136
138     13560
139     13218
140     11520
141     12324
142     12264
143     12894
144     12108
145     15090
146     10890
147     12660
148     12906
149     11742
150     13296
151     11040
152     11880
153     14040
154     11994
155     13644
156     11892
157     13620
158     11880
159     14076
160     12552
161     13662
162     12282
163     13278
164     11952
165     12822
166     11718
167     12942
168     13278
169     12696
170     13902
171     13944
172     13044
173     13326
174     13998
175     11424
176     13806
177     12456
178     13728
179     13290
180     12270
181     11592
182     12102
183     12360
184     12108
185     12120
186     13044
187     13086
188     11382
189     13728
190     12918
191     12816
192     12606
193     12012
194     13632
195     12882
196     12330
197     12774
198     14040
199     13716
200     11352
201     13218
202     12132
203     12990
204     11928
205     13752
206     12162
207     12678
208     10614
209     13032
210     10266
211     10824
212     12756
213     14262
214     11274
215     13308
216     13710
217     11790
218     12630
219     13836
220     11760
221     13116
