0     0
1     240
2     248
3     376
4     264
5     344
6     328
7     448
8     460
9     496
10     512
11     428
12     572
13     504
14     512
15     596
16     584
17     712
18     432
19     496
20     636
21     408
22     616
23     456
24     596
25     576
26     728
27     532
28     600
29     700
30     544
31     460
32     572
33     328
34     364
35     416
36     344
37     432
38     424
39     368
40     532
41     348
42     460
43     504
44     636
45     528
46     440
47     600
48     568
49     620
50     640
51     684
52     512
53     444
54     536
55     440
56     520
57     792
58     248
59     168
60     160
61     196
62     196
63     216
64     232
65     296
66     312
67     300
68     316
69     388
70     352
71     364
72     376
73     500
74     420
75     556
76     340
77     340
78     292
79     380
80     424
81     500
82     428
83     396
84     456
85     408
86     612
87     224
88     160
89     136
90     116
91     96
92     96
93     96
94     96
95     96
96     96
97     96
98     96
99     96
100     96
101     96
102     96
103     96
104     96
105     96
106     96
107     96
108     96
109     96
110     96
111     96
112     96
113     96
114     96
115     96
116     96
117     96
118     96
119     96
120     96
121     96
122     96
123     96
124     96
125     96
126     96
127     96
128     96
129     96
130     96
131     96
132     96
133     96
134     96
135     96
136     96
137     96
138     96
139     96
140     96
141     96
142     96
143     96
144     96
145     96
146     96
147     96
148     96
149     96
150     96
151     96
152     96
153     96
154     96
155     96
156     96
157     96
158     96
159     96
160     96
161     96
162     96
163     96
164     96
165     96
166     96
167     96
168     96
169     96
170     96
171     96
172     96
173     96
174     96
175     96
176     96
177     96
178     96
179     96
180     96
181     96
182     96
183     96
184     96
185     96
186     96
187     96
188     96
189     96
190     96
191     96
192     96
193     96
194     96
195     96
196     96
197     96
198     96
199     96
200     96
201     96
202     96
203     96
204     96
205     96
206     96
207     96
208     96
209     96
210     96
211     96
212     96
213     96
214     96
215     96
216     96
217     96
218     96
219     96
220     96
221     96
222     96
223     96
224     96
225     96
226     96
227     96
228     96
229     96
230     96
231     96
232     96
233     96
234     96
235     96
236     96
237     96
238     96
239     96
240     96
241     96
242     96
243     96
244     96
245     96
