0     0
1     4128
2     7584
3     7776
4     15384
5     8088
6     14028
7     12444
8     25800
9     9984
10     13620
11     13428
12     19656
13     14568
14     16692
15     17964
16     21288
17     20544
18     18588
19     22668
20     21492
21     26028
22     23100
23     26016
24     26268
25     26304
26     27720
27     27204
28     26064
29     29112
30     32964
31     26280
32     28956
33     29004
34     30540
35     32256
36     30540
37     29616
38     33408
39     30936
40     30120
41     31980
42     32304
43     32004
44     31884
45     31740
46     32388
47     32268
48     32460
49     30816
50     33276
51     29736
52     33216
53     31044
54     31824
55     32256
56     32040
57     33744
58     30552
59     35664
60     31884
61     33336
62     33252
63     35004
64     33000
65     33300
66     34956
67     34392
