0     0
0     0
0     0
0     0
0     0
0     0
0     0
0     0
0     0
0     0
0     0
0     0
0     0
0     0
0     0
0     0
0     0
0     0
0     0
0     0
0     0
0     0
0     0
0     0
0     0
0     0
0     0
0     0
0     0
0     0
0     0
0     0
0     0
0     0
0     0
0     0
0     0
0     0
0     0
0     0
0     0
0     0
0     0
0     0
0     0
0     0
0     0
0     0
0     0
0     0
0     0
0     0
0     0
0     0
0     0
0     0
0     0
0     0
0     0
0     0
0     0
0     0
0     0
0     0
0     0
0     0
0     0
0     0
0     0
0     0
0     0
0     0
0     0
0     0
0     0
0     0
0     0
0     0
0     0
0     0
0     0
0     0
0     0
0     0
0     0
0     0
0     0
0     0
0     0
0     0
0     0
0     0
0     0
0     0
0     0
0     0
0     0
0     0
0     0
0     0
0     0
0     0
0     0
0     0
0     0
0     0
0     0
0     0
0     0
0     0
0     0
0     0
0     0
0     0
0     0
0     0
0     0
0     0
0     0
0     0
0     0
0     0
0     0
0     0
0     0
0     0
0     0
0     0
0     0
0     0
0     0
0     0
0     0
0     0
0     0
0     0
0     0
0     0
0     0
0     0
0     0
0     0
0     0
0     0
0     0
0     0
0     0
0     0
0     0
0     0
0     0
0     0
0     0
0     0
0     0
0     0
0     0
0     0
0     0
0     0
0     0
0     0
0     0
0     0
0     0
0     0
0     0
0     0
0     0
0     0
0     0
0     0
0     0
0     0
0     0
0     0
0     0
0     0
0     0
0     0
0     0
0     0
0     0
0     0
0     0
0     0
0     0
0     0
0     0
0     0
0     0
0     0
0     0
0     0
0     0
0     0
0     0
0     0
0     0
0     0
0     0
0     0
0     0
0     0
0     0
0     0
0     0
0     0
0     0
0     0
0     0
0     0
0     0
0     0
0     0
0     0
0     0
0     0
0     0
0     0
0     0
0     0
0     0
0     0
0     0
0     0
0     0
0     0
0     0
0     0
0     0
0     0
0     0
0     0
0     0
0     0
0     0
0     0
0     0
0     0
0     0
0     0
0     0
0     0
0     0
0     0
0     0
0     0
0     0
0     0
0     0
0     0
0     0
0     0
0     0
0     0
0     0
0     0
0     0
0     0
0     0
0     0
0     0
0     0
0     0
0     0
0     0
0     0
0     0
0     0
0     0
0     0
0     0
0     0
0     0
0     0
0     0
0     0
0     0
0     0
0     0
0     0
0     0
0     0
0     0
1     1401
1     1401
1     1401
1     1401
1     1401
1     1401
1     1401
1     1401
1     1401
1     1401
1     1401
1     1401
1     1401
1     1401
1     1401
1     1401
1     1401
1     1401
1     1401
1     1401
1     1401
1     1401
1     1401
1     1401
1     1401
1     1401
1     1401
1     1401
1     1401
1     1401
1     1401
1     1401
2     1773
2     1773
2     1773
2     1773
2     1773
2     1773
2     1773
2     1773
2     1773
2     1773
2     1773
2     1773
2     1773
2     1773
2     1773
2     1773
2     1773
2     1773
2     1773
2     1773
2     1773
2     1773
2     1773
2     1773
2     1773
2     1773
2     1773
2     1773
2     1773
2     1773
2     1773
2     1773
3     1269
3     1269
3     1269
3     1269
3     1269
3     1269
3     1269
3     1269
3     1269
3     1269
3     1269
3     1269
3     1269
3     1269
3     1269
3     1269
3     1269
3     1269
3     1269
3     1269
3     1269
3     1269
3     1269
3     1269
3     1269
3     1269
3     1269
3     1269
3     1269
3     1269
3     1269
3     1269
4     2121
4     2121
4     2121
4     2121
4     2121
4     2121
4     2121
4     2121
4     2121
4     2121
4     2121
4     2121
4     2121
4     2121
4     2121
4     2121
4     2121
4     2121
4     2121
4     2121
4     2121
4     2121
4     2121
4     2121
4     2121
4     2121
4     2121
4     2121
4     2121
4     2121
4     2121
4     2121
5     1959
5     1959
5     1959
5     1959
5     1959
5     1959
5     1959
5     1959
5     1959
5     1959
5     1959
5     1959
5     1959
5     1959
5     1959
5     1959
5     1959
5     1959
5     1959
5     1959
5     1959
5     1959
5     1959
5     1959
5     1959
5     1959
5     1959
5     1959
5     1959
5     1959
5     1959
5     1959
6     3468
6     3468
6     3468
6     3468
6     3468
6     3468
6     3468
6     3468
6     3468
6     3468
6     3468
6     3468
6     3468
6     3468
6     3468
6     3468
6     3468
6     3468
6     3468
6     3468
6     3468
6     3468
6     3468
6     3468
6     3468
6     3468
6     3468
6     3468
6     3468
6     3468
6     3468
6     3468
7     1482
7     1482
7     1482
7     1482
8     1869
8     1869
8     1869
8     1869
9     1875
9     1875
10     2373
10     2373
11     2253
11     2253
12     2625
12     2625
13     2733
14     2916
15     2673
16     3069
17     3027
18     3321
19     3117
20     3150
21     3102
22     3306
23     3363
24     3402
25     3525
26     3468
27     3312
28     3321
29     3579
30     3447
31     3432
32     3480
33     3537
34     3639
35     3624
36     3522
37     4002
38     3753
39     3939
40     3957
41     3726
42     4314
43     3834
44     3786
45     4335
46     3744
47     3924
48     4566
49     3636
50     4245
51     3681
52     4014
53     3960
54     3885
55     4215
56     4122
57     4026
58     3948
59     3963
60     4050
61     4209
62     4089
63     4083
64     4392
65     4035
66     4068
67     4125
68     4290
69     4110
70     4326
71     3888
72     4275
73     3918
74     4038
75     4254
76     4056
77     4428
78     3939
79     4377
80     4149
81     3858
82     4458
83     4020
84     4182
85     4641
86     4053
87     4035
88     4377
89     4137
90     4536
91     3963
92     4137
93     4260
94     4116
95     4518
96     3807
97     3954
98     4272
99     4059
100     4167
101     4260
102     3936
103     4203
104     4014
105     4251
106     4224
107     4125
108     4005
109     4200
110     3813
111     4011
112     4200
113     4293
114     4116
115     3888
116     3927
117     4122
118     4248
119     3900
120     4344
121     3903
122     4125
123     4017
124     3951
125     4302
126     4167
127     4128
128     4392
129     4041
130     4176
131     4419
132     4074
133     4083
134     4158
135     4278
136     3984
137     4305
138     4119
139     4572
140     3645
141     4128
142     3951
143     4155
144     4185
145     4251
146     4050
147     4533
148     3924
149     3720
150     4332
151     3693
152     3969
153     4005
154     3864
155     4161
156     3936
157     3915
158     3864
159     4371
160     3903
161     4122
162     4353
163     4236
164     4020
165     4350
166     4053
167     4107
168     3906
169     4272
170     4032
171     4116
172     3984
173     4281
174     3771
175     4080
176     3954
177     3834
178     4074
179     4047
180     4326
181     4350
182     4074
183     4233
184     4014
185     4347
186     3798
187     3984
188     4194
189     4170
190     4062
191     3927
192     3933
193     4170
194     4056
195     4179
196     4107
197     3912
198     4305
199     3831
200     4176
201     3963
202     3885
203     4224
204     4002
205     4014
206     3915
207     4095
208     3876
209     4095
210     4200
211     3990
212     4290
213     4146
214     4053
215     4116
216     4245
217     3981
218     4179
219     4146
220     3609
221     4176
222     3813
223     3969
224     3693
