0     0
1     528
2     816
3     864
4     1128
5     888
6     1500
7     636
8     696
9     648
10     648
11     720
12     744
13     912
14     600
15     840
16     504
17     432
18     408
19     432
20     336
21     384
22     432
23     384
24     384
25     384
26     384
27     384
28     384
29     384
30     384
31     384
32     384
33     384
34     384
35     384
36     384
37     384
38     384
39     384
40     384
41     384
42     384
43     384
44     384
45     384
46     384
47     384
48     384
49     384
50     384
51     384
52     384
53     384
54     384
55     384
56     384
57     384
58     384
59     384
60     384
61     384
62     384
63     384
64     384
65     384
66     384
67     384
68     384
69     384
70     384
71     384
72     384
73     384
74     384
75     384
76     384
77     384
78     384
79     384
80     384
81     384
82     384
83     384
84     384
85     384
86     384
87     384
88     384
89     384
90     384
91     384
92     384
93     384
94     384
95     384
96     384
97     384
98     384
99     384
100     384
101     384
102     384
103     384
104     384
105     384
106     384
107     384
108     384
109     384
110     384
111     384
112     384
113     384
114     384
115     384
116     384
117     384
118     384
119     384
120     384
121     384
122     384
123     384
124     384
125     384
126     384
127     384
128     384
129     384
130     384
131     384
132     384
133     384
134     384
135     384
136     384
137     384
138     384
139     384
140     384
141     384
142     384
143     384
144     384
145     384
146     384
147     384
148     384
149     384
150     384
151     384
152     384
153     384
154     384
155     384
156     384
157     384
158     384
159     384
160     384
161     384
162     384
163     384
164     384
165     384
166     384
167     384
168     384
169     384
170     384
171     384
172     384
173     384
174     384
175     384
176     384
177     384
178     384
179     384
180     384
181     384
182     384
183     384
184     384
185     384
186     384
187     384
188     384
189     384
190     384
191     384
192     384
193     384
194     384
195     384
196     384
197     384
198     384
199     384
200     384
201     384
202     384
203     384
204     384
205     384
206     384
207     384
208     384
209     384
210     384
211     384
212     384
213     384
214     384
215     384
216     384
217     384
218     384
219     384
220     384
221     384
222     384
