0     2304
1     2304
2     5760
3     2304
4     4608
5     4608
6     12672
7     2304
8     4608
9     4608
10     11520
11     4608
12     9216
13     9216
14     26496
15     2304
16     4608
17     4608
18     11520
19     4608
20     9216
21     9216
22     26496
23     2304
24     4608
25     4608
26     11520
27     4608
28     9216
29     9216
30     26496
31     2304
32     4608
33     4608
34     11520
35     4608
36     9216
37     9216
38     26496
39     2304
40     4608
41     4608
42     11520
43     4608
44     9216
45     9216
46     26496
47     2304
48     4608
49     4608
50     11520
51     4608
52     9216
53     9216
54     26496
55     2304
56     4608
57     4608
58     11520
59     4608
60     9216
61     9216
62     26496
63     2304
64     4608
65     4608
66     11520
67     4608
68     9216
69     9216
70     26496
71     2304
72     4608
73     4608
74     11520
75     4608
76     9216
77     9216
78     26496
79     2304
80     4608
81     4608
82     11520
83     4608
84     9216
85     9216
86     26496
87     2304
88     4608
89     4608
90     11520
91     4608
92     9216
93     9216
94     26496
95     2304
96     4608
97     4608
98     11520
99     4608
100     9216
101     9216
102     26496
103     2304
104     4608
105     4608
106     11520
107     4608
108     9216
109     9216
110     26496
111     2304
112     4608
113     4608
114     11520
115     4608
116     9216
117     9216
118     26496
119     2304
120     4608
121     4608
122     11520
123     4608
124     9216
125     9216
126     26496
127     2304
128     4608
129     4608
130     11520
131     4608
132     9216
133     9216
134     26496
135     2304
136     4608
137     4608
138     11520
139     4608
140     9216
141     9216
142     26496
143     2304
144     4608
145     4608
146     11520
147     4608
148     9216
149     9216
150     26496
151     2304
152     4608
153     4608
154     11520
155     4608
156     9216
157     9216
158     26496
159     2304
160     4608
161     4608
162     11520
163     4608
164     9216
165     9216
166     26496
167     2304
168     4608
169     4608
170     11520
171     4608
172     9216
173     9216
174     26496
175     2304
176     4608
177     4608
178     11520
179     4608
180     9216
181     9216
182     26496
183     2304
184     4608
185     4608
186     11520
187     4608
188     9216
189     9216
190     26496
191     2304
192     4608
193     4608
194     11520
195     4608
196     9216
197     9216
198     26496
199     2304
200     4608
201     4608
202     11520
203     4608
204     9216
205     9216
206     26496
207     2304
208     4608
209     4608
210     11520
211     4608
212     9216
213     9216
214     26496
215     2304
216     4608
217     4608
218     11520
219     4608
220     9216
221     9216
222     26496
223     2304
224     4608
225     4608
226     11520
227     4608
228     9216
229     9216
230     26496
231     2304
232     4608
233     4608
234     11520
235     4608
236     9216
237     9216
238     26496
239     2304
240     4608
241     4608
242     11520
243     4608
244     9216
245     9216
246     26496
247     2304
248     4608
249     4608
250     11520
251     4608
252     9216
253     9216
254     26496
255     2304
256     4608
257     4608
258     11520
259     4608
260     9216
261     9216
262     26496
263     2304
264     4608
265     4608
266     11520
267     4608
268     9216
269     9216
270     26496
271     2304
272     4608
273     4608
274     11520
275     4608
276     9216
277     9216
278     26496
279     2304
280     4608
281     4608
282     11520
283     4608
284     9216
285     9216
286     26496
287     2304
288     4608
289     4608
290     11520
291     4608
292     9216
293     9216
294     26496
295     2304
296     4608
297     4608
298     11520
299     4608
300     9216
301     9216
302     26496
303     2304
304     4608
305     4608
306     11520
307     4608
308     9216
309     9216
310     26496
311     2304
312     4608
313     4608
314     11520
315     4608
316     9216
317     9216
318     26496
319     2304
320     4608
321     4608
322     11520
323     4608
324     9216
325     9216
326     26496
327     2304
328     4608
329     4608
330     11520
331     4608
332     9216
333     9216
334     26496
335     2304
336     4608
337     4608
338     11520
339     4608
340     9216
341     9216
342     26496
343     2304
344     4608
345     4608
346     11520
347     4608
348     9216
349     9216
350     26496
351     2304
352     4608
353     4608
354     11520
355     4608
356     9216
357     9216
358     26496
359     2304
360     4608
361     4608
362     11520
363     4608
364     9216
365     9216
366     26496
367     2304
368     4608
369     4608
370     11520
371     4608
372     9216
373     9216
374     26496
375     2304
376     4608
377     4608
378     11520
379     4608
380     9216
381     9216
382     26496
383     2304
384     4608
385     4608
386     11520
387     4608
388     9216
389     9216
390     26496
391     2304
392     4608
393     4608
394     11520
395     4608
396     9216
397     9216
398     26496
399     2304
400     4608
401     4608
402     11520
403     4608
404     9216
405     9216
406     26496
407     2304
408     4608
409     4608
410     11520
411     4608
412     9216
413     9216
414     26496
415     2304
416     4608
417     4608
418     11520
419     4608
420     9216
421     9216
422     26496
423     2304
424     4608
425     4608
426     11520
427     4608
428     9216
429     9216
430     26496
431     2304
432     4608
433     4608
434     11520
435     4608
436     9216
437     9216
438     26496
439     2304
440     4608
441     4608
442     11520
443     4608
444     9216
445     9216
446     26496
447     2304
448     4608
449     4608
450     11520
451     4608
452     9216
453     9216
454     26496
455     2304
456     4608
457     4608
458     11520
459     4608
460     9216
461     9216
462     26496
463     2304
464     4608
465     4608
466     11520
467     4608
468     9216
469     9216
470     26496
471     2304
472     4608
473     4608
474     11520
475     4608
476     9216
477     9216
478     26496
479     2304
480     4608
481     4608
482     11520
483     4608
484     9216
485     9216
486     26496
487     2304
488     4608
489     4608
490     11520
491     4608
492     9216
493     9216
494     26496
495     2304
496     4608
497     4608
498     11520
499     4608
500     9216
501     9216
502     26496
503     2304
504     4608
505     4608
506     11520
507     4608
508     9216
509     9216
510     26496
511     2304
512     4608
513     4608
514     11520
515     4608
516     9216
517     9216
518     26496
519     2304
520     4608
521     4608
522     11520
523     4608
524     9216
525     9216
526     26496
527     2304
528     4608
529     4608
530     11520
531     4608
532     9216
533     9216
534     26496
535     2304
536     4608
537     4608
538     11520
539     4608
540     9216
541     9216
542     26496
543     2304
544     4608
545     4608
546     11520
547     4608
548     9216
549     9216
550     26496
551     2304
552     4608
553     4608
554     11520
555     4608
556     9216
557     9216
558     26496
559     2304
560     4608
561     4608
562     11520
563     4608
564     9216
565     9216
566     26496
567     2304
568     4608
569     4608
570     11520
571     4608
572     9216
573     9216
574     26496
575     2304
576     4608
577     4608
578     11520
579     4608
580     9216
581     9216
582     26496
583     2304
584     4608
585     4608
586     11520
587     4608
588     9216
589     9216
590     26496
591     2304
592     4608
593     4608
594     11520
595     4608
596     9216
597     9216
598     26496
599     2304
600     4608
601     4608
602     11520
603     4608
604     9216
605     9216
606     26496
607     2304
608     4608
609     4608
610     11520
611     4608
612     9216
613     9216
614     26496
615     2304
616     4608
617     4608
618     11520
619     4608
620     9216
621     9216
622     26496
623     2304
624     4608
625     4608
626     11520
627     4608
628     9216
629     9216
630     26496
631     2304
632     4608
633     4608
634     11520
635     4608
636     9216
637     9216
638     26496
639     2304
640     4608
641     4608
642     11520
643     4608
644     9216
645     9216
646     26496
647     2304
648     4608
649     4608
650     11520
651     4608
652     9216
653     9216
654     26496
655     2304
656     4608
657     4608
658     11520
659     4608
660     9216
661     9216
662     26496
663     2304
664     4608
665     4608
666     11520
667     4608
668     9216
669     9216
670     26496
671     2304
672     4608
673     4608
674     11520
675     4608
676     9216
677     9216
678     26496
679     2304
680     4608
681     4608
682     11520
683     4608
684     9216
685     9216
686     26496
687     2304
688     4608
689     4608
690     11520
691     4608
692     9216
693     9216
694     26496
695     2304
696     4608
697     4608
698     11520
699     4608
700     9216
701     9216
702     26496
703     2304
704     4608
705     4608
706     11520
707     4608
708     9216
709     9216
710     26496
711     2304
712     4608
713     4608
714     11520
715     4608
716     9216
717     9216
718     26496
719     2304
720     4608
721     4608
722     11520
723     4608
724     9216
725     9216
726     26496
727     2304
728     4608
729     4608
730     11520
731     4608
732     9216
733     9216
734     26496
735     2304
736     4608
737     4608
738     11520
739     4608
740     9216
741     9216
742     26496
743     2304
744     4608
745     4608
746     11520
747     4608
748     9216
749     9216
750     26496
751     2304
752     4608
753     4608
754     11520
755     4608
756     9216
757     9216
758     26496
759     2304
760     4608
761     4608
762     11520
763     4608
764     9216
765     9216
766     26496
767     2304
768     4608
769     4608
770     11520
771     4608
772     9216
773     9216
774     26496
775     2304
776     4608
777     4608
778     11520
779     4608
780     9216
781     9216
782     26496
783     2304
784     4608
785     4608
786     11520
787     4608
788     9216
789     9216
790     26496
791     2304
792     4608
793     4608
794     11520
795     4608
796     9216
797     9216
798     26496
799     2304
800     4608
801     4608
802     11520
803     4608
804     9216
805     9216
806     26496
807     2304
808     4608
809     4608
810     11520
811     4608
812     9216
813     9216
814     26496
815     2304
816     4608
817     4608
818     11520
819     4608
820     9216
821     9216
822     26496
823     2304
824     4608
825     4608
826     11520
827     4608
828     9216
829     9216
830     26496
831     2304
832     4608
833     4608
834     11520
835     4608
836     9216
837     9216
838     26496
839     2304
840     4608
841     4608
842     11520
843     4608
844     9216
845     9216
846     26496
847     2304
848     4608
849     4608
850     11520
851     4608
852     9216
853     9216
854     26496
855     2304
856     4608
857     4608
858     11520
859     4608
860     9216
861     9216
862     26496
863     2304
864     4608
865     4608
866     11520
867     4608
868     9216
869     9216
870     26496
871     2304
872     4608
873     4608
874     11520
875     4608
876     9216
877     9216
878     26496
879     2304
880     4608
881     4608
882     11520
883     4608
884     9216
885     9216
886     26496
887     2304
888     4608
889     4608
890     11520
891     4608
892     9216
893     9216
894     26496
895     2304
896     4608
897     4608
898     11520
899     4608
900     9216
901     9216
902     26496
903     2304
904     4608
905     4608
906     11520
907     4608
908     9216
909     9216
910     26496
911     2304
912     4608
913     4608
914     11520
915     4608
916     9216
917     9216
918     26496
919     2304
920     4608
921     4608
922     11520
923     4608
924     9216
925     9216
926     26496
927     2304
928     4608
929     4608
930     11520
931     4608
932     9216
933     9216
934     26496
935     2304
936     4608
937     4608
938     11520
939     4608
940     9216
941     9216
942     26496
943     2304
944     4608
945     4608
946     11520
947     4608
948     9216
949     9216
950     26496
951     2304
952     4608
953     4608
954     11520
955     4608
956     9216
957     9216
958     26496
959     2304
960     4608
961     4608
962     11520
963     4608
964     9216
965     9216
966     26496
967     2304
968     4608
969     4608
970     11520
971     4608
972     9216
973     9216
974     26496
975     2304
976     4608
977     4608
978     11520
979     4608
980     9216
981     9216
982     26496
983     2304
984     4608
985     4608
986     11520
987     4608
988     9216
989     9216
990     26496
991     2304
992     4608
993     4608
994     11520
995     4608
996     9216
997     9216
998     26496
999     2304
1000     4608
1001     4608
1002     11520
1003     4608
1004     9216
1005     9216
1006     26496
1007     2304
1008     4608
1009     4608
1010     11520
1011     4608
1012     9216
1013     9216
1014     26496
1015     2304
1016     4608
1017     4608
1018     11520
1019     4608
1020     9216
1021     9216
1022     26496
1023     2304
1024     4608
1025     4608
1026     11520
1027     4608
1028     9216
1029     9216
1030     26496
1031     2304
1032     4608
1033     4608
1034     11520
1035     4608
1036     9216
1037     9216
1038     26496
1039     2304
1040     4608
1041     4608
1042     11520
1043     4608
1044     9216
1045     9216
1046     26496
1047     2304
1048     4608
1049     4608
1050     11520
1051     4608
1052     9216
1053     9216
1054     26496
1055     2304
1056     4608
1057     4608
1058     11520
1059     4608
1060     9216
1061     9216
1062     26496
1063     2304
1064     4608
1065     4608
1066     11520
1067     4608
1068     9216
1069     9216
1070     26496
1071     2304
1072     4608
1073     4608
1074     11520
1075     4608
1076     9216
1077     9216
1078     26496
1079     2304
1080     4608
1081     4608
1082     11520
1083     4608
1084     9216
1085     9216
1086     26496
1087     2304
1088     4608
1089     4608
1090     11520
1091     4608
1092     9216
1093     9216
1094     26496
1095     2304
1096     4608
1097     4608
1098     11520
1099     4608
1100     9216
1101     9216
1102     26496
1103     2304
1104     4608
1105     4608
1106     11520
1107     4608
1108     9216
1109     9216
1110     26496
1111     2304
1112     4608
1113     4608
1114     11520
1115     4608
1116     9216
1117     9216
1118     26496
1119     2304
1120     4608
1121     4608
1122     11520
1123     4608
1124     9216
1125     9216
1126     26496
1127     2304
1128     4608
1129     4608
1130     11520
1131     4608
1132     9216
1133     9216
1134     26496
1135     2304
1136     4608
1137     4608
1138     11520
1139     4608
1140     9216
1141     9216
1142     26496
1143     2304
1144     4608
1145     4608
1146     11520
1147     4608
1148     9216
1149     9216
1150     26496
1151     2304
1152     4608
1153     4608
1154     11520
1155     4608
1156     9216
1157     9216
1158     26496
1159     2304
1160     4608
1161     4608
1162     11520
1163     4608
1164     9216
1165     9216
1166     26496
1167     2304
1168     4608
1169     4608
1170     11520
1171     4608
1172     9216
1173     9216
1174     26496
1175     2304
1176     4608
1177     4608
1178     11520
1179     4608
1180     9216
1181     9216
1182     26496
1183     2304
1184     4608
1185     4608
1186     11520
1187     4608
1188     9216
1189     9216
1190     26496
1191     2304
1192     4608
1193     4608
1194     11520
1195     4608
1196     9216
1197     9216
1198     26496
1199     2304
1200     4608
1201     4608
1202     11520
1203     4608
1204     9216
1205     9216
1206     26496
1207     2304
1208     4608
1209     4608
1210     11520
1211     4608
1212     9216
1213     9216
1214     26496
1215     2304
1216     4608
1217     4608
1218     11520
1219     4608
1220     9216
1221     9216
1222     26496
1223     2304
1224     4608
1225     4608
1226     11520
1227     4608
1228     9216
1229     9216
1230     26496
1231     2304
1232     4608
1233     4608
1234     11520
1235     4608
1236     9216
1237     9216
1238     26496
1239     2304
1240     4608
1241     4608
1242     11520
1243     4608
1244     9216
1245     9216
1246     26496
1247     2304
1248     4608
1249     4608
1250     11520
1251     4608
1252     9216
1253     9216
1254     26496
1255     2304
1256     4608
1257     4608
1258     11520
1259     4608
1260     9216
1261     9216
1262     26496
1263     2304
1264     4608
1265     4608
1266     11520
1267     4608
1268     9216
1269     9216
1270     26496
1271     2304
1272     4608
1273     4608
1274     11520
1275     4608
1276     9216
1277     9216
1278     26496
1279     2304
1280     4608
1281     4608
1282     11520
1283     4608
1284     9216
1285     9216
1286     26496
1287     2304
1288     4608
1289     4608
1290     11520
1291     4608
1292     9216
1293     9216
1294     26496
1295     2304
1296     4608
1297     4608
1298     11520
1299     4608
1300     9216
1301     9216
1302     26496
1303     2304
1304     4608
1305     4608
1306     11520
1307     4608
1308     9216
1309     9216
1310     26496
1311     2304
1312     4608
1313     4608
1314     11520
1315     4608
1316     9216
1317     9216
1318     26496
1319     2304
1320     4608
1321     4608
1322     11520
1323     4608
1324     9216
1325     9216
1326     26496
1327     2304
1328     4608
1329     4608
1330     11520
1331     4608
1332     9216
1333     9216
1334     26496
1335     2304
1336     4608
1337     4608
1338     11520
1339     4608
1340     9216
1341     9216
1342     26496
1343     2304
1344     4608
1345     4608
1346     11520
1347     4608
1348     9216
1349     9216
1350     26496
1351     2304
1352     4608
1353     4608
1354     11520
1355     4608
1356     9216
1357     9216
1358     26496
1359     2304
1360     4608
1361     4608
1362     11520
1363     4608
1364     9216
1365     9216
1366     26496
1367     2304
1368     4608
1369     4608
1370     11520
1371     4608
1372     9216
1373     9216
1374     26496
1375     2304
1376     4608
1377     4608
1378     11520
1379     4608
1380     9216
1381     9216
1382     26496
1383     2304
1384     4608
1385     4608
1386     11520
1387     4608
1388     9216
1389     9216
1390     26496
1391     2304
1392     4608
1393     4608
1394     11520
1395     4608
1396     9216
1397     9216
1398     26496
1399     2304
1400     4608
1401     4608
1402     11520
1403     4608
1404     9216
1405     9216
1406     26496
1407     2304
1408     4608
1409     4608
1410     11520
1411     4608
1412     9216
1413     9216
1414     26496
1415     2304
1416     4608
1417     4608
1418     11520
1419     4608
1420     9216
1421     9216
1422     26496
1423     2304
1424     4608
1425     4608
1426     11520
1427     4608
1428     9216
1429     9216
1430     26496
1431     2304
1432     4608
1433     4608
1434     11520
1435     4608
1436     9216
1437     9216
1438     26496
1439     2304
1440     4608
1441     4608
1442     11520
1443     4608
1444     9216
1445     9216
1446     26496
1447     2304
1448     4608
1449     4608
1450     11520
1451     4608
1452     9216
1453     9216
1454     26496
1455     2304
1456     4608
1457     4608
1458     11520
1459     4608
1460     9216
1461     9216
1462     26496
1463     2304
1464     4608
1465     4608
1466     11520
1467     4608
1468     9216
1469     9216
1470     26496
1471     2304
1472     4608
1473     4608
1474     11520
1475     4608
1476     9216
1477     9216
1478     26496
1479     2304
1480     4608
1481     4608
1482     11520
1483     4608
1484     9216
1485     9216
1486     26496
1487     2304
1488     4608
1489     4608
1490     11520
1491     4608
1492     9216
1493     9216
1494     26496
1495     2304
1496     4608
1497     4608
1498     11520
1499     4608
1500     9216
1501     9216
1502     26496
1503     2304
1504     4608
1505     4608
1506     11520
1507     4608
1508     9216
1509     9216
1510     26496
1511     2304
1512     4608
1513     4608
1514     11520
1515     4608
1516     9216
1517     9216
1518     26496
1519     2304
1520     4608
1521     4608
1522     11520
1523     4608
1524     9216
1525     9216
1526     26496
1527     2304
1528     4608
1529     4608
1530     11520
1531     4608
1532     9216
1533     9216
1534     26496
1535     2304
1536     4608
1537     4608
1538     11520
1539     4608
1540     9216
1541     9216
1542     26496
1543     2304
1544     4608
1545     4608
1546     11520
1547     4608
1548     9216
1549     9216
1550     26496
1551     2304
1552     4608
1553     4608
1554     11520
1555     4608
1556     9216
1557     9216
1558     26496
1559     2304
1560     4608
1561     4608
1562     11520
1563     4608
1564     9216
1565     9216
1566     26496
1567     2304
1568     4608
1569     4608
1570     11520
1571     4608
1572     9216
1573     9216
1574     26496
1575     2304
1576     4608
1577     4608
1578     11520
1579     4608
1580     9216
1581     9216
1582     26496
1583     2304
1584     4608
1585     4608
1586     11520
1587     4608
1588     9216
1589     9216
1590     26496
1591     2304
1592     4608
1593     4608
1594     11520
1595     4608
1596     9216
1597     9216
1598     26496
1599     2304
1600     4608
1601     4608
1602     11520
1603     4608
1604     9216
1605     9216
1606     26496
1607     2304
1608     4608
1609     4608
1610     11520
1611     4608
1612     9216
1613     9216
1614     26496
1615     2304
1616     4608
1617     4608
1618     11520
1619     4608
1620     9216
1621     9216
1622     26496
1623     2304
1624     4608
1625     4608
1626     11520
1627     4608
1628     9216
1629     9216
1630     26496
1631     2304
1632     4608
1633     4608
1634     11520
1635     4608
1636     9216
1637     9216
1638     26496
1639     2304
1640     4608
1641     4608
1642     11520
1643     4608
1644     9216
1645     9216
1646     26496
1647     2304
1648     4608
1649     4608
1650     11520
1651     4608
1652     9216
1653     9216
1654     26496
1655     2304
1656     4608
1657     4608
1658     11520
1659     4608
1660     9216
1661     9216
1662     26496
1663     2304
1664     4608
1665     4608
1666     11520
1667     4608
1668     9216
1669     9216
1670     26496
1671     2304
1672     4608
1673     4608
1674     11520
1675     4608
1676     9216
1677     9216
1678     26496
1679     2304
1680     4608
1681     4608
1682     11520
1683     4608
1684     9216
1685     9216
1686     26496
1687     2304
1688     4608
1689     4608
1690     11520
1691     4608
1692     9216
1693     9216
1694     26496
1695     2304
1696     4608
1697     4608
1698     11520
1699     4608
1700     9216
1701     9216
1702     26496
1703     2304
1704     4608
1705     4608
1706     11520
1707     4608
1708     9216
1709     9216
1710     26496
1711     2304
1712     4608
1713     4608
1714     11520
1715     4608
1716     9216
1717     9216
1718     26496
1719     2304
1720     4608
1721     4608
1722     11520
1723     4608
1724     9216
1725     9216
1726     26496
1727     2304
1728     4608
1729     4608
1730     11520
1731     4608
1732     9216
1733     9216
1734     26496
1735     2304
1736     4608
1737     4608
1738     11520
1739     4608
1740     9216
1741     9216
1742     26496
1743     2304
1744     4608
1745     4608
1746     11520
1747     4608
1748     9216
1749     9216
1750     26496
1751     2304
1752     4608
1753     4608
1754     11520
1755     4608
1756     9216
1757     9216
1758     26496
1759     2304
1760     4608
1761     4608
1762     11520
1763     4608
1764     9216
1765     9216
1766     26496
1767     2304
1768     4608
1769     4608
1770     11520
1771     4608
1772     9216
1773     9216
1774     26496
1775     2304
1776     4608
1777     4608
1778     11520
1779     4608
1780     9216
1781     9216
1782     26496
1783     2304
1784     4608
1785     4608
1786     11520
1787     4608
1788     9216
1789     9216
1790     26496
1791     2304
1792     4608
1793     4608
1794     11520
1795     4608
1796     9216
1797     9216
1798     26496
1799     2304
1800     4608
1801     4608
1802     11520
1803     4608
1804     9216
1805     9216
1806     26496
1807     2304
1808     4608
1809     4608
1810     11520
1811     4608
1812     9216
1813     9216
1814     26496
1815     2304
1816     4608
1817     4608
1818     11520
1819     4608
1820     9216
1821     9216
1822     26496
1823     2304
1824     4608
1825     4608
1826     11520
1827     4608
1828     9216
1829     9216
1830     26496
1831     2304
1832     4608
1833     4608
1834     11520
1835     4608
1836     9216
1837     9216
1838     26496
1839     2304
1840     4608
1841     4608
1842     11520
1843     4608
1844     9216
1845     9216
1846     26496
1847     2304
1848     4608
1849     4608
1850     11520
1851     4608
1852     9216
1853     9216
1854     26496
1855     2304
1856     4608
1857     4608
1858     11520
1859     4608
1860     9216
1861     9216
1862     26496
1863     2304
1864     4608
1865     4608
1866     11520
1867     4608
1868     9216
1869     9216
1870     26496
1871     2304
1872     4608
1873     4608
1874     11520
1875     4608
1876     9216
1877     9216
1878     26496
1879     2304
1880     4608
1881     4608
1882     11520
1883     4608
1884     9216
1885     9216
1886     26496
1887     2304
1888     4608
1889     4608
1890     11520
1891     4608
1892     9216
1893     9216
1894     26496
1895     2304
1896     4608
1897     4608
1898     11520
1899     4608
1900     9216
1901     9216
1902     26496
1903     2304
1904     4608
1905     4608
1906     11520
1907     4608
1908     9216
1909     9216
1910     26496
1911     2304
1912     4608
1913     4608
1914     11520
1915     4608
1916     9216
1917     9216
1918     26496
1919     2304
1920     4608
1921     4608
1922     11520
1923     4608
1924     9216
1925     9216
1926     26496
1927     2304
1928     4608
1929     4608
1930     11520
1931     4608
1932     9216
1933     9216
1934     26496
1935     2304
1936     4608
1937     4608
1938     11520
1939     4608
1940     9216
1941     9216
1942     26496
1943     2304
1944     4608
1945     4608
1946     11520
1947     4608
1948     9216
1949     9216
1950     26496
1951     2304
1952     4608
1953     4608
1954     11520
1955     4608
1956     9216
1957     9216
1958     26496
1959     2304
1960     4608
1961     4608
1962     11520
1963     4608
1964     9216
1965     9216
1966     26496
1967     2304
1968     4608
1969     4608
1970     11520
1971     4608
1972     9216
1973     9216
1974     26496
1975     2304
1976     4608
1977     4608
1978     11520
1979     4608
1980     9216
1981     9216
1982     26496
1983     2304
1984     4608
1985     4608
1986     11520
1987     4608
1988     9216
1989     9216
1990     26496
1991     2304
1992     4608
1993     4608
1994     11520
1995     4608
1996     9216
1997     9216
1998     26496
1999     2304
2000     4608
2001     4608
2002     11520
2003     4608
2004     9216
2005     9216
2006     26496
2007     2304
2008     4608
2009     4608
2010     11520
2011     4608
2012     9216
2013     9216
2014     26496
2015     2304
2016     4608
2017     4608
2018     11520
2019     4608
2020     9216
2021     9216
2022     26496
2023     2304
2024     4608
2025     4608
2026     11520
2027     4608
2028     9216
2029     9216
2030     26496
2031     2304
2032     4608
2033     4608
2034     11520
2035     4608
2036     9216
2037     9216
2038     26496
2039     2304
2040     4608
2041     4608
2042     11520
2043     4608
2044     9216
2045     9216
2046     26496
2047     2304
2048     4608
2049     4608
2050     11520
2051     4608
2052     9216
2053     9216
2054     26496
2055     2304
2056     4608
2057     4608
2058     11520
2059     4608
2060     9216
2061     9216
2062     26496
2063     2304
2064     4608
2065     4608
2066     11520
2067     4608
2068     9216
2069     9216
2070     26496
2071     2304
2072     4608
2073     4608
2074     11520
2075     4608
2076     9216
2077     9216
2078     26496
2079     2304
2080     4608
2081     4608
2082     11520
2083     4608
2084     9216
2085     9216
2086     26496
2087     2304
2088     4608
2089     4608
2090     11520
2091     4608
2092     9216
2093     9216
2094     26496
2095     2304
2096     4608
2097     4608
2098     11520
2099     4608
2100     9216
2101     9216
2102     26496
2103     2304
2104     4608
2105     4608
2106     11520
2107     4608
2108     9216
2109     9216
2110     26496
2111     2304
2112     4608
2113     4608
2114     11520
2115     4608
2116     9216
2117     9216
2118     26496
2119     2304
2120     4608
2121     4608
2122     11520
2123     4608
2124     9216
2125     9216
2126     26496
2127     2304
2128     4608
2129     4608
2130     11520
2131     4608
2132     9216
2133     9216
2134     26496
2135     2304
2136     4608
2137     4608
2138     11520
2139     4608
2140     9216
2141     9216
2142     26496
2143     2304
2144     4608
2145     4608
2146     11520
2147     4608
2148     9216
2149     9216
2150     26496
2151     2304
2152     4608
2153     4608
2154     11520
2155     4608
2156     9216
2157     9216
2158     26496
2159     2304
2160     4608
2161     4608
2162     11520
2163     4608
2164     9216
2165     9216
2166     26496
2167     2304
2168     4608
2169     4608
2170     11520
2171     4608
2172     9216
2173     9216
2174     26496
2175     2304
2176     4608
2177     4608
2178     11520
2179     4608
2180     9216
2181     9216
2182     26496
2183     2304
2184     4608
2185     4608
2186     11520
2187     4608
2188     9216
2189     9216
2190     26496
2191     2304
2192     4608
2193     4608
2194     11520
2195     4608
2196     9216
2197     9216
2198     26496
2199     2304
2200     4608
2201     4608
2202     11520
2203     4608
2204     9216
2205     9216
2206     26496
2207     2304
2208     4608
2209     4608
2210     11520
2211     4608
2212     9216
2213     9216
2214     26496
2215     2304
2216     4608
2217     4608
2218     11520
2219     4608
2220     9216
2221     9216
2222     26496
2223     2304
2224     4608
2225     4608
2226     11520
2227     4608
2228     9216
2229     9216
2230     26496
2231     2304
2232     4608
2233     4608
2234     11520
2235     4608
2236     9216
2237     9216
2238     26496
2239     2304
2240     4608
2241     4608
2242     11520
2243     4608
2244     9216
2245     9216
2246     26496
2247     2304
2248     4608
2249     4608
2250     11520
2251     4608
2252     9216
2253     9216
2254     26496
2255     2304
2256     4608
2257     4608
2258     11520
2259     4608
2260     9216
2261     9216
2262     26496
2263     2304
2264     4608
2265     4608
2266     11520
2267     4608
2268     9216
2269     9216
2270     26496
2271     2304
2272     4608
2273     4608
2274     11520
2275     4608
2276     9216
2277     9216
2278     26496
2279     2304
2280     4608
2281     4608
2282     11520
2283     4608
2284     9216
2285     9216
2286     26496
2287     2304
2288     4608
2289     4608
2290     11520
2291     4608
2292     9216
2293     9216
2294     26496
2295     2304
2296     4608
2297     4608
2298     11520
2299     4608
2300     9216
2301     9216
2302     26496
2303     2304
2304     4608
2305     4608
2306     11520
2307     4608
2308     9216
2309     9216
2310     26496
2311     2304
2312     4608
2313     4608
2314     11520
2315     4608
2316     9216
2317     9216
2318     26496
2319     2304
2320     4608
2321     4608
2322     11520
2323     4608
2324     9216
2325     9216
2326     26496
2327     2304
2328     4608
2329     4608
2330     11520
2331     4608
2332     9216
2333     9216
2334     26496
2335     2304
2336     4608
2337     4608
2338     11520
2339     4608
2340     9216
2341     9216
2342     26496
2343     2304
2344     4608
2345     4608
2346     11520
2347     4608
2348     9216
2349     9216
2350     26496
2351     2304
2352     4608
2353     4608
2354     11520
2355     4608
2356     9216
2357     9216
2358     26496
2359     2304
2360     4608
2361     4608
2362     11520
2363     4608
2364     9216
2365     9216
2366     26496
2367     2304
2368     4608
2369     4608
2370     11520
2371     4608
2372     9216
2373     9216
2374     26496
2375     2304
2376     4608
2377     4608
2378     11520
2379     4608
2380     9216
2381     9216
2382     26496
2383     2304
2384     4608
2385     4608
2386     11520
2387     4608
2388     9216
2389     9216
2390     26496
2391     2304
2392     4608
2393     4608
2394     11520
2395     4608
2396     9216
2397     9216
2398     26496
2399     2304
2400     4608
2401     4608
2402     11520
2403     4608
2404     9216
2405     9216
2406     26496
2407     2304
2408     4608
2409     4608
2410     11520
2411     4608
2412     9216
2413     9216
2414     26496
2415     2304
2416     4608
2417     4608
2418     11520
2419     4608
2420     9216
2421     9216
2422     26496
2423     2304
2424     4608
2425     4608
2426     11520
2427     4608
2428     9216
2429     9216
2430     26496
2431     2304
2432     4608
2433     4608
2434     11520
2435     4608
2436     9216
2437     9216
2438     26496
2439     2304
2440     4608
2441     4608
2442     11520
2443     4608
2444     9216
2445     9216
2446     26496
2447     2304
2448     4608
2449     4608
2450     11520
2451     4608
2452     9216
2453     9216
2454     26496
2455     2304
2456     4608
2457     4608
2458     11520
2459     4608
2460     9216
2461     9216
2462     26496
2463     2304
2464     4608
2465     4608
2466     11520
2467     4608
2468     9216
2469     9216
2470     26496
2471     2304
2472     4608
2473     4608
2474     11520
2475     4608
2476     9216
2477     9216
2478     26496
2479     2304
2480     4608
2481     4608
2482     11520
2483     4608
2484     9216
2485     9216
2486     26496
2487     2304
2488     4608
2489     4608
2490     11520
2491     4608
2492     9216
2493     9216
2494     26496
2495     2304
2496     4608
2497     4608
2498     11520
2499     4608
2500     9216
2501     9216
2502     26496
2503     2304
2504     4608
2505     4608
2506     11520
2507     4608
2508     9216
2509     9216
2510     26496
2511     2304
2512     4608
2513     4608
2514     11520
2515     4608
2516     9216
2517     9216
2518     26496
2519     2304
2520     4608
2521     4608
2522     11520
2523     4608
2524     9216
2525     9216
2526     26496
2527     2304
2528     4608
2529     4608
2530     11520
2531     4608
2532     9216
2533     9216
2534     26496
2535     2304
2536     4608
2537     4608
2538     11520
2539     4608
2540     9216
2541     9216
2542     26496
2543     2304
2544     4608
2545     4608
2546     11520
2547     4608
2548     9216
2549     9216
2550     26496
2551     2304
2552     4608
2553     4608
2554     11520
2555     4608
2556     9216
2557     9216
2558     26496
2559     2304
2560     4608
2561     4608
2562     11520
2563     4608
2564     9216
2565     9216
2566     26496
2567     2304
2568     4608
2569     4608
2570     11520
2571     4608
2572     9216
2573     9216
2574     26496
2575     2304
2576     4608
2577     4608
2578     11520
2579     4608
2580     9216
2581     9216
2582     26496
2583     2304
2584     4608
2585     4608
2586     11520
2587     4608
2588     9216
2589     9216
2590     26496
2591     2304
2592     4608
2593     4608
2594     11520
2595     4608
2596     9216
2597     9216
2598     26496
2599     2304
2600     4608
2601     4608
2602     11520
2603     4608
2604     9216
2605     9216
2606     26496
2607     2304
2608     4608
2609     4608
2610     11520
2611     4608
2612     9216
2613     9216
2614     26496
2615     2304
2616     4608
2617     4608
2618     11520
2619     4608
2620     9216
2621     9216
2622     26496
2623     2304
2624     4608
2625     4608
2626     11520
2627     4608
2628     9216
2629     9216
2630     26496
2631     2304
2632     4608
2633     4608
2634     11520
2635     4608
2636     9216
2637     9216
2638     26496
2639     2304
2640     4608
2641     4608
2642     11520
2643     4608
2644     9216
2645     9216
2646     26496
2647     2304
2648     4608
2649     4608
2650     11520
2651     4608
2652     9216
2653     9216
2654     26496
2655     2304
2656     4608
2657     4608
2658     11520
2659     4608
2660     9216
2661     9216
2662     26496
2663     2304
2664     4608
2665     4608
2666     11520
2667     4608
2668     9216
2669     9216
2670     26496
2671     2304
2672     4608
2673     4608
2674     11520
2675     4608
2676     9216
2677     9216
2678     26496
2679     2304
2680     4608
2681     4608
2682     11520
2683     4608
2684     9216
2685     9216
2686     26496
2687     2304
2688     4608
2689     4608
2690     11520
2691     4608
2692     9216
2693     9216
2694     26496
2695     2304
2696     4608
2697     4608
2698     11520
2699     4608
2700     9216
2701     9216
2702     26496
2703     2304
2704     4608
2705     4608
2706     11520
2707     4608
2708     9216
2709     9216
2710     26496
2711     2304
2712     4608
2713     4608
2714     11520
2715     4608
2716     9216
2717     9216
2718     26496
2719     2304
2720     4608
2721     4608
2722     11520
2723     4608
2724     9216
2725     9216
2726     26496
2727     2304
2728     4608
2729     4608
2730     11520
2731     4608
2732     9216
2733     9216
2734     26496
2735     2304
2736     4608
2737     4608
2738     11520
2739     4608
2740     9216
2741     9216
2742     26496
2743     2304
2744     4608
2745     4608
2746     11520
2747     4608
2748     9216
2749     9216
2750     26496
2751     2304
2752     4608
2753     4608
2754     11520
2755     4608
2756     9216
2757     9216
2758     26496
2759     2304
2760     4608
2761     4608
2762     11520
2763     4608
2764     9216
2765     9216
2766     26496
2767     2304
2768     4608
2769     4608
2770     11520
2771     4608
2772     9216
2773     9216
2774     26496
2775     2304
2776     4608
2777     4608
2778     11520
2779     4608
2780     9216
2781     9216
2782     26496
2783     2304
2784     4608
2785     4608
2786     11520
2787     4608
2788     9216
2789     9216
2790     26496
2791     2304
2792     4608
2793     4608
2794     11520
2795     4608
2796     9216
2797     9216
2798     26496
2799     2304
2800     4608
2801     4608
2802     11520
2803     4608
2804     9216
2805     9216
2806     26496
2807     2304
2808     4608
2809     4608
2810     11520
2811     4608
2812     9216
2813     9216
2814     26496
2815     2304
2816     4608
2817     4608
2818     11520
2819     4608
2820     9216
2821     9216
2822     26496
2823     2304
2824     4608
2825     4608
2826     11520
2827     4608
2828     9216
2829     9216
2830     26496
2831     2304
2832     4608
2833     4608
2834     11520
2835     4608
2836     9216
2837     9216
2838     26496
2839     2304
2840     4608
2841     4608
2842     11520
2843     4608
2844     9216
2845     9216
2846     26496
2847     2304
2848     4608
2849     4608
2850     11520
2851     4608
2852     9216
2853     9216
2854     26496
2855     2304
2856     4608
2857     4608
2858     11520
2859     4608
2860     9216
2861     9216
2862     26496
2863     2304
2864     4608
2865     4608
2866     11520
2867     4608
2868     9216
2869     9216
2870     26496
2871     2304
2872     4608
2873     4608
2874     11520
2875     4608
2876     9216
2877     9216
2878     26496
2879     2304
2880     4608
2881     4608
2882     11520
2883     4608
2884     9216
2885     9216
2886     26496
2887     2304
2888     4608
2889     4608
2890     11520
2891     4608
2892     9216
2893     9216
2894     26496
2895     2304
2896     4608
2897     4608
2898     11520
2899     4608
2900     9216
2901     9216
2902     26496
2903     2304
2904     4608
2905     4608
2906     11520
2907     4608
2908     9216
2909     9216
2910     26496
2911     2304
2912     4608
2913     4608
2914     11520
2915     4608
2916     9216
2917     9216
2918     26496
2919     2304
2920     4608
2921     4608
2922     11520
2923     4608
2924     9216
2925     9216
2926     26496
2927     2304
2928     4608
2929     4608
2930     11520
2931     4608
2932     9216
2933     9216
2934     26496
2935     2304
2936     4608
2937     4608
2938     11520
2939     4608
2940     9216
2941     9216
2942     26496
2943     2304
2944     4608
2945     4608
2946     11520
2947     4608
2948     9216
2949     9216
2950     26496
2951     2304
2952     4608
2953     4608
2954     11520
2955     4608
2956     9216
2957     9216
2958     26496
2959     2304
2960     4608
2961     4608
2962     11520
2963     4608
2964     9216
2965     9216
2966     26496
2967     2304
2968     4608
2969     4608
2970     11520
2971     4608
2972     9216
2973     9216
2974     26496
2975     2304
2976     4608
2977     4608
2978     11520
2979     4608
2980     9216
2981     9216
2982     26496
2983     2304
2984     4608
2985     4608
2986     11520
2987     4608
2988     9216
2989     9216
2990     26496
2991     2304
2992     4608
2993     4608
2994     11520
2995     4608
2996     9216
2997     9216
2998     26496
2999     2304
3000     4608
3001     4608
3002     11520
3003     4608
3004     9216
3005     9216
3006     26496
3007     2304
3008     4608
3009     4608
3010     11520
3011     4608
3012     9216
3013     9216
3014     26496
3015     2304
3016     4608
3017     4608
3018     11520
3019     4608
3020     9216
3021     9216
3022     26496
3023     2304
3024     4608
3025     4608
3026     11520
3027     4608
3028     9216
3029     9216
3030     26496
3031     2304
3032     4608
3033     4608
3034     11520
3035     4608
3036     9216
3037     9216
3038     26496
3039     2304
3040     4608
3041     4608
3042     11520
3043     4608
3044     9216
3045     9216
3046     26496
3047     2304
3048     4608
3049     4608
3050     11520
3051     4608
3052     9216
3053     9216
3054     26496
3055     2304
3056     4608
3057     4608
3058     11520
3059     4608
3060     9216
3061     9216
3062     26496
3063     2304
3064     4608
3065     4608
3066     11520
3067     4608
3068     9216
3069     9216
3070     26496
3071     2304
3072     4608
3073     4608
3074     11520
3075     4608
3076     9216
3077     9216
3078     26496
3079     2304
3080     4608
3081     4608
3082     11520
3083     4608
3084     9216
3085     9216
3086     26496
3087     2304
3088     4608
3089     4608
3090     11520
3091     4608
3092     9216
3093     9216
3094     26496
3095     2304
3096     4608
3097     4608
3098     11520
3099     4608
3100     9216
3101     9216
3102     26496
3103     2304
3104     4608
3105     4608
3106     11520
3107     4608
3108     9216
3109     9216
3110     26496
3111     2304
3112     4608
3113     4608
3114     11520
3115     4608
3116     9216
3117     9216
3118     26496
3119     2304
3120     4608
3121     4608
3122     11520
3123     4608
3124     9216
3125     9216
3126     26496
3127     2304
3128     4608
3129     4608
3130     11520
3131     4608
3132     9216
3133     9216
3134     26496
3135     2304
3136     4608
3137     4608
3138     11520
3139     4608
3140     9216
3141     9216
3142     26496
3143     2304
3144     4608
3145     4608
3146     11520
3147     4608
3148     9216
3149     9216
3150     26496
3151     2304
3152     4608
3153     4608
3154     11520
3155     4608
3156     9216
3157     9216
3158     26496
3159     2304
3160     4608
3161     4608
3162     11520
3163     4608
3164     9216
3165     9216
3166     26496
3167     2304
3168     4608
3169     4608
3170     11520
3171     4608
3172     9216
3173     9216
3174     26496
3175     2304
3176     4608
3177     4608
3178     11520
3179     4608
3180     9216
3181     9216
3182     26496
3183     2304
3184     4608
3185     4608
3186     11520
3187     4608
3188     9216
3189     9216
3190     26496
3191     2304
3192     4608
3193     4608
3194     11520
3195     4608
3196     9216
3197     9216
3198     26496
3199     2304
3200     4608
3201     4608
3202     11520
3203     4608
3204     9216
3205     9216
3206     26496
3207     2304
3208     4608
3209     4608
3210     11520
3211     4608
3212     9216
3213     9216
3214     26496
3215     2304
3216     4608
3217     4608
3218     11520
3219     4608
3220     9216
3221     9216
3222     26496
3223     2304
3224     4608
3225     4608
3226     11520
3227     4608
3228     9216
3229     9216
3230     26496
3231     2304
3232     4608
3233     4608
3234     11520
3235     4608
3236     9216
3237     9216
3238     26496
3239     2304
3240     4608
3241     4608
3242     11520
3243     4608
3244     9216
3245     9216
3246     26496
3247     2304
3248     4608
3249     4608
3250     11520
3251     4608
3252     9216
3253     9216
3254     26496
3255     2304
3256     4608
3257     4608
3258     11520
3259     4608
3260     9216
3261     9216
3262     26496
3263     2304
3264     4608
3265     4608
3266     11520
3267     4608
3268     9216
3269     9216
3270     26496
3271     2304
3272     4608
3273     4608
3274     11520
3275     4608
3276     9216
3277     9216
3278     26496
3279     2304
3280     4608
3281     4608
3282     11520
3283     4608
3284     9216
3285     9216
3286     26496
3287     2304
3288     4608
3289     4608
3290     11520
3291     4608
3292     9216
3293     9216
3294     26496
3295     2304
3296     4608
3297     4608
3298     11520
3299     4608
3300     9216
3301     9216
3302     26496
3303     2304
3304     4608
3305     4608
3306     11520
3307     4608
3308     9216
3309     9216
3310     26496
3311     2304
3312     4608
3313     4608
3314     11520
3315     4608
3316     9216
3317     9216
3318     26496
3319     2304
3320     4608
3321     4608
3322     11520
3323     4608
3324     9216
3325     9216
3326     26496
3327     2304
3328     4608
3329     4608
3330     11520
3331     4608
3332     9216
3333     9216
3334     26496
3335     2304
3336     4608
3337     4608
3338     11520
3339     4608
3340     9216
3341     9216
3342     26496
3343     2304
3344     4608
3345     4608
3346     11520
3347     4608
3348     9216
3349     9216
3350     26496
3351     2304
3352     4608
3353     4608
3354     11520
3355     4608
3356     9216
3357     9216
3358     26496
3359     2304
3360     4608
3361     4608
3362     11520
3363     4608
3364     9216
3365     9216
3366     26496
3367     2304
3368     4608
3369     4608
3370     11520
3371     4608
3372     9216
3373     9216
3374     26496
3375     2304
3376     4608
3377     4608
3378     11520
3379     4608
3380     9216
3381     9216
3382     26496
3383     2304
3384     4608
3385     4608
3386     11520
3387     4608
3388     9216
3389     9216
3390     26496
3391     2304
3392     4608
3393     4608
3394     11520
3395     4608
3396     9216
3397     9216
3398     26496
3399     2304
3400     4608
3401     4608
3402     11520
3403     4608
3404     9216
3405     9216
3406     26496
3407     2304
3408     4608
3409     4608
3410     11520
3411     4608
3412     9216
3413     9216
3414     26496
3415     2304
3416     4608
3417     4608
3418     11520
3419     4608
3420     9216
3421     9216
3422     26496
3423     2304
3424     4608
3425     4608
3426     11520
3427     4608
3428     9216
3429     9216
3430     26496
3431     2304
3432     4608
3433     4608
3434     11520
3435     4608
3436     9216
3437     9216
3438     26496
3439     2304
3440     4608
3441     4608
3442     11520
3443     4608
3444     9216
3445     9216
3446     26496
3447     2304
3448     4608
3449     4608
3450     11520
3451     4608
3452     9216
3453     9216
3454     26496
3455     2304
3456     4608
3457     4608
3458     11520
3459     4608
3460     9216
3461     9216
3462     26496
3463     2304
3464     4608
3465     4608
3466     11520
3467     4608
3468     9216
3469     9216
3470     26496
3471     2304
3472     4608
3473     4608
3474     11520
3475     4608
3476     9216
3477     9216
3478     26496
3479     2304
3480     4608
3481     4608
3482     11520
3483     4608
3484     9216
3485     9216
3486     26496
3487     2304
3488     4608
3489     4608
3490     11520
3491     4608
3492     9216
3493     9216
3494     26496
3495     2304
3496     4608
3497     4608
3498     11520
3499     4608
3500     9216
3501     9216
3502     26496
3503     2304
3504     4608
3505     4608
3506     11520
3507     4608
3508     9216
3509     9216
3510     26496
3511     2304
3512     4608
3513     4608
3514     11520
3515     4608
3516     9216
3517     9216
3518     26496
3519     2304
3520     4608
3521     4608
3522     11520
3523     4608
3524     9216
3525     9216
3526     26496
3527     2304
3528     4608
3529     4608
3530     11520
3531     4608
3532     9216
3533     9216
3534     26496
3535     2304
3536     4608
3537     4608
3538     11520
3539     4608
3540     9216
3541     9216
3542     26496
3543     2304
3544     4608
3545     4608
3546     11520
3547     4608
3548     9216
3549     9216
3550     26496
3551     2304
3552     4608
3553     4608
3554     11520
3555     4608
3556     9216
3557     9216
3558     26496
3559     2304
3560     4608
3561     4608
3562     11520
3563     4608
3564     9216
3565     9216
3566     26496
3567     2304
3568     4608
3569     4608
3570     11520
3571     4608
3572     9216
3573     9216
3574     26496
3575     2304
3576     4608
3577     4608
3578     11520
3579     4608
3580     9216
3581     9216
3582     26496
3583     2304
3584     4608
3585     4608
3586     11520
3587     4608
3588     9216
3589     9216
3590     26496
3591     2304
3592     4608
3593     4608
3594     11520
3595     4608
3596     9216
3597     9216
3598     26496
3599     2304
3600     4608
3601     4608
3602     11520
3603     4608
3604     9216
3605     9216
3606     26496
3607     2304
3608     4608
3609     4608
3610     11520
3611     4608
3612     9216
3613     9216
3614     26496
3615     2304
3616     4608
3617     4608
3618     11520
3619     4608
3620     9216
3621     9216
3622     26496
3623     2304
3624     4608
3625     4608
3626     11520
3627     4608
3628     9216
3629     9216
3630     26496
3631     2304
3632     4608
3633     4608
3634     11520
3635     4608
3636     9216
3637     9216
3638     26496
3639     2304
3640     4608
3641     4608
3642     11520
3643     4608
3644     9216
3645     9216
3646     26496
3647     2304
3648     4608
3649     4608
3650     11520
3651     4608
3652     9216
3653     9216
3654     26496
3655     2304
3656     4608
3657     4608
3658     11520
3659     4608
3660     9216
3661     9216
3662     26496
3663     2304
3664     4608
3665     4608
3666     11520
3667     4608
3668     9216
3669     9216
3670     26496
3671     2304
3672     4608
3673     4608
3674     11520
3675     4608
3676     9216
3677     9216
3678     26496
3679     2304
3680     4608
3681     4608
3682     11520
3683     4608
3684     9216
3685     9216
3686     26496
3687     2304
3688     4608
3689     4608
3690     11520
3691     4608
3692     9216
3693     9216
3694     26496
3695     2304
3696     4608
3697     4608
3698     11520
3699     4608
3700     9216
3701     9216
3702     26496
3703     2304
3704     4608
3705     4608
3706     11520
3707     4608
3708     9216
3709     9216
3710     26496
3711     2304
3712     4608
3713     4608
3714     11520
3715     4608
3716     9216
3717     9216
3718     26496
3719     2304
3720     4608
3721     4608
3722     11520
3723     4608
3724     9216
3725     9216
3726     26496
3727     2304
3728     4608
3729     4608
3730     11520
3731     4608
3732     9216
3733     9216
3734     26496
3735     2304
3736     4608
3737     4608
3738     11520
3739     4608
3740     9216
3741     9216
3742     26496
3743     2304
3744     4608
3745     4608
3746     11520
3747     4608
3748     9216
3749     9216
3750     26496
3751     2304
3752     4608
3753     4608
3754     11520
3755     4608
3756     9216
3757     9216
3758     26496
3759     2304
3760     4608
3761     4608
3762     11520
3763     4608
3764     9216
3765     9216
3766     26496
3767     2304
3768     4608
3769     4608
3770     11520
3771     4608
3772     9216
3773     9216
3774     26496
3775     2304
3776     4608
3777     4608
3778     11520
3779     4608
3780     9216
3781     9216
3782     26496
3783     2304
3784     4608
3785     4608
3786     11520
3787     4608
3788     9216
3789     9216
3790     26496
3791     2304
3792     4608
3793     4608
3794     11520
3795     4608
3796     9216
3797     9216
3798     26496
3799     2304
3800     4608
3801     4608
3802     11520
3803     4608
3804     9216
3805     9216
3806     26496
3807     2304
3808     4608
3809     4608
3810     11520
3811     4608
3812     9216
3813     9216
3814     26496
3815     2304
3816     4608
3817     4608
3818     11520
3819     4608
3820     9216
3821     9216
3822     26496
3823     2304
3824     4608
3825     4608
3826     11520
3827     4608
3828     9216
3829     9216
3830     26496
3831     2304
3832     4608
3833     4608
3834     11520
3835     4608
3836     9216
3837     9216
3838     26496
3839     2304
3840     4608
3841     4608
3842     11520
3843     4608
3844     9216
3845     9216
3846     26496
3847     2304
3848     4608
3849     4608
3850     11520
3851     4608
3852     9216
3853     9216
3854     26496
3855     2304
3856     4608
3857     4608
3858     11520
3859     4608
3860     9216
3861     9216
3862     26496
3863     2304
3864     4608
3865     4608
3866     11520
3867     4608
3868     9216
3869     9216
3870     26496
3871     2304
3872     4608
3873     4608
3874     11520
3875     4608
3876     9216
3877     9216
3878     26496
3879     2304
3880     4608
3881     4608
3882     11520
3883     4608
3884     9216
3885     9216
3886     26496
3887     2304
3888     4608
3889     4608
3890     11520
3891     4608
3892     9216
3893     9216
3894     26496
3895     2304
3896     4608
3897     4608
3898     11520
3899     4608
3900     9216
3901     9216
3902     26496
3903     2304
3904     4608
3905     4608
3906     11520
3907     4608
3908     9216
3909     9216
3910     26496
3911     2304
3912     4608
3913     4608
3914     11520
3915     4608
3916     9216
3917     9216
3918     26496
3919     2304
3920     4608
3921     4608
3922     11520
3923     4608
3924     9216
3925     9216
3926     26496
3927     2304
3928     4608
3929     4608
3930     11520
3931     4608
3932     9216
3933     9216
3934     26496
3935     2304
3936     4608
3937     4608
3938     11520
3939     4608
3940     9216
3941     9216
3942     26496
3943     2304
3944     4608
3945     4608
3946     11520
3947     4608
3948     9216
3949     9216
3950     26496
3951     2304
3952     4608
3953     4608
3954     11520
3955     4608
3956     9216
3957     9216
3958     26496
3959     2304
3960     4608
3961     4608
3962     11520
3963     4608
3964     9216
3965     9216
3966     26496
3967     2304
3968     4608
3969     4608
3970     11520
3971     4608
3972     9216
3973     9216
3974     26496
3975     2304
3976     4608
3977     4608
3978     11520
3979     4608
3980     9216
3981     9216
3982     26496
3983     2304
3984     4608
3985     4608
3986     11520
3987     4608
3988     9216
3989     9216
3990     26496
3991     2304
3992     4608
3993     4608
3994     11520
3995     4608
3996     9216
3997     9216
3998     26496
3999     2304
4000     4608
4001     4608
4002     11520
4003     4608
4004     9216
4005     9216
4006     26496
4007     2304
4008     4608
4009     4608
4010     11520
4011     4608
4012     9216
4013     9216
4014     26496
4015     2304
4016     4608
4017     4608
4018     11520
4019     4608
4020     9216
4021     9216
4022     26496
4023     2304
4024     4608
4025     4608
4026     11520
4027     4608
4028     9216
4029     9216
4030     26496
4031     2304
4032     4608
4033     4608
4034     11520
4035     4608
4036     9216
4037     9216
4038     26496
4039     2304
4040     4608
4041     4608
4042     11520
4043     4608
4044     9216
4045     9216
4046     26496
4047     2304
4048     4608
4049     4608
4050     11520
4051     4608
4052     9216
4053     9216
4054     26496
4055     2304
4056     4608
4057     4608
4058     11520
4059     4608
4060     9216
4061     9216
4062     26496
4063     2304
4064     4608
4065     4608
4066     11520
4067     4608
4068     9216
4069     9216
4070     26496
4071     2304
4072     4608
4073     4608
4074     11520
4075     4608
4076     9216
4077     9216
4078     26496
4079     2304
4080     4608
4081     4608
4082     11520
4083     4608
4084     9216
4085     9216
4086     26496
4087     2304
4088     4608
4089     4608
4090     11520
4091     4608
4092     9216
4093     9216
4094     26496
4095     2304
4096     4608
4097     4608
4098     11520
4099     4608
4100     9216
4101     9216
4102     26496
4103     2304
4104     4608
4105     4608
4106     11520
4107     4608
4108     9216
4109     9216
4110     26496
4111     2304
4112     4608
4113     4608
4114     11520
4115     4608
4116     9216
4117     9216
4118     26496
4119     2304
4120     4608
4121     4608
4122     11520
4123     4608
4124     9216
4125     9216
4126     26496
4127     2304
4128     4608
4129     4608
4130     11520
4131     4608
4132     9216
4133     9216
4134     26496
4135     2304
4136     4608
4137     4608
4138     11520
4139     4608
4140     9216
4141     9216
4142     26496
4143     2304
4144     4608
4145     4608
4146     11520
4147     4608
4148     9216
4149     9216
4150     26496
4151     2304
4152     4608
4153     4608
4154     11520
4155     4608
4156     9216
4157     9216
4158     26496
4159     2304
4160     4608
4161     4608
4162     11520
4163     4608
4164     9216
4165     9216
4166     26496
4167     2304
4168     4608
4169     4608
4170     11520
4171     4608
4172     9216
4173     9216
4174     26496
4175     2304
4176     4608
4177     4608
4178     11520
4179     4608
4180     9216
4181     9216
4182     26496
4183     2304
4184     4608
4185     4608
4186     11520
4187     4608
4188     9216
4189     9216
4190     26496
4191     2304
4192     4608
4193     4608
4194     11520
4195     4608
4196     9216
4197     9216
4198     26496
4199     2304
4200     4608
4201     4608
4202     11520
4203     4608
4204     9216
4205     9216
4206     26496
4207     2304
4208     4608
4209     4608
4210     11520
4211     4608
4212     9216
4213     9216
4214     26496
4215     2304
4216     4608
4217     4608
4218     11520
4219     4608
4220     9216
4221     9216
4222     26496
4223     2304
4224     4608
4225     4608
4226     11520
4227     4608
4228     9216
4229     9216
4230     26496
4231     2304
4232     4608
4233     4608
4234     11520
4235     4608
4236     9216
4237     9216
4238     26496
4239     2304
4240     4608
4241     4608
4242     11520
4243     4608
4244     9216
4245     9216
4246     26496
4247     2304
4248     4608
4249     4608
4250     11520
4251     4608
4252     9216
4253     9216
4254     26496
4255     2304
4256     4608
4257     4608
4258     11520
4259     4608
4260     9216
4261     9216
4262     26496
4263     2304
4264     4608
4265     4608
4266     11520
4267     4608
4268     9216
4269     9216
4270     26496
4271     2304
4272     4608
4273     4608
4274     11520
4275     4608
4276     9216
4277     9216
4278     26496
4279     2304
4280     4608
4281     4608
4282     11520
4283     4608
4284     9216
4285     9216
4286     26496
4287     2304
4288     4608
4289     4608
4290     11520
4291     4608
4292     9216
4293     9216
4294     26496
4295     2304
4296     4608
4297     4608
4298     11520
4299     4608
4300     9216
4301     9216
4302     26496
4303     2304
4304     4608
4305     4608
4306     11520
4307     4608
4308     9216
4309     9216
4310     26496
4311     2304
4312     4608
4313     4608
4314     11520
4315     4608
4316     9216
4317     9216
4318     26496
4319     2304
4320     4608
4321     4608
4322     11520
4323     4608
4324     9216
4325     9216
4326     26496
4327     2304
4328     4608
4329     4608
4330     11520
4331     4608
4332     9216
4333     9216
4334     26496
4335     2304
4336     4608
4337     4608
4338     11520
4339     4608
4340     9216
4341     9216
4342     26496
4343     2304
4344     4608
4345     4608
4346     11520
4347     4608
4348     9216
4349     9216
4350     26496
4351     2304
4352     4608
4353     4608
4354     11520
4355     4608
4356     9216
4357     9216
4358     26496
4359     2304
4360     4608
4361     4608
4362     11520
4363     4608
4364     9216
4365     9216
4366     26496
4367     2304
4368     4608
4369     4608
4370     11520
4371     4608
4372     9216
4373     9216
4374     26496
4375     2304
4376     4608
4377     4608
4378     11520
4379     4608
4380     9216
4381     9216
4382     26496
4383     2304
4384     4608
4385     4608
4386     11520
4387     4608
4388     9216
4389     9216
4390     26496
4391     2304
4392     4608
4393     4608
4394     11520
4395     4608
4396     9216
4397     9216
4398     26496
4399     2304
4400     4608
4401     4608
4402     11520
4403     4608
4404     9216
4405     9216
4406     26496
4407     2304
4408     4608
4409     4608
4410     11520
4411     4608
4412     9216
4413     9216
4414     26496
4415     2304
4416     4608
4417     4608
4418     11520
4419     4608
4420     9216
4421     9216
4422     26496
4423     2304
4424     4608
4425     4608
4426     11520
4427     4608
4428     9216
4429     9216
4430     26496
4431     2304
4432     4608
4433     4608
4434     11520
4435     4608
4436     9216
4437     9216
4438     26496
4439     2304
4440     4608
4441     4608
4442     11520
4443     4608
4444     9216
4445     9216
4446     26496
4447     2304
4448     4608
4449     4608
4450     11520
4451     4608
4452     9216
4453     9216
4454     26496
4455     2304
4456     4608
4457     4608
4458     11520
4459     4608
4460     9216
4461     9216
4462     26496
4463     2304
4464     4608
4465     4608
4466     11520
4467     4608
4468     9216
4469     9216
4470     26496
4471     2304
4472     4608
4473     4608
4474     11520
4475     4608
4476     9216
4477     9216
4478     26496
4479     2304
4480     4608
4481     4608
4482     11520
4483     4608
4484     9216
4485     9216
4486     26496
4487     2304
4488     4608
4489     4608
4490     11520
4491     4608
4492     9216
4493     9216
4494     26496
4495     2304
4496     4608
4497     4608
4498     11520
4499     4608
4500     9216
4501     9216
4502     26496
4503     2304
4504     4608
4505     4608
4506     11520
4507     4608
4508     9216
4509     9216
4510     26496
4511     2304
4512     4608
4513     4608
4514     11520
4515     4608
4516     9216
4517     9216
4518     26496
4519     2304
4520     4608
4521     4608
4522     11520
4523     4608
4524     9216
4525     9216
4526     26496
4527     2304
4528     4608
4529     4608
4530     11520
4531     4608
4532     9216
4533     9216
4534     26496
4535     2304
4536     4608
4537     4608
4538     11520
4539     4608
4540     9216
4541     9216
4542     26496
4543     2304
4544     4608
4545     4608
4546     11520
4547     4608
4548     9216
4549     9216
4550     26496
4551     2304
4552     4608
4553     4608
4554     11520
4555     4608
4556     9216
4557     9216
4558     26496
4559     2304
4560     4608
4561     4608
4562     11520
4563     4608
4564     9216
4565     9216
4566     26496
4567     2304
4568     4608
4569     4608
4570     11520
4571     4608
4572     9216
4573     9216
4574     26496
4575     2304
4576     4608
4577     4608
4578     11520
4579     4608
4580     9216
4581     9216
4582     26496
4583     2304
4584     4608
4585     4608
4586     11520
4587     4608
4588     9216
4589     9216
4590     26496
4591     2304
4592     4608
4593     4608
4594     11520
4595     4608
4596     9216
4597     9216
4598     26496
4599     2304
4600     4608
4601     4608
4602     11520
4603     4608
4604     9216
4605     9216
4606     26496
4607     2304
4608     4608
4609     4608
4610     11520
4611     4608
4612     9216
4613     9216
4614     26496
4615     2304
4616     4608
4617     4608
4618     11520
4619     4608
4620     9216
4621     9216
4622     26496
4623     2304
4624     4608
4625     4608
4626     11520
4627     4608
4628     9216
4629     9216
4630     26496
4631     2304
4632     4608
4633     4608
4634     11520
4635     4608
4636     9216
4637     9216
4638     26496
4639     2304
4640     4608
4641     4608
4642     11520
4643     4608
4644     9216
4645     9216
4646     26496
4647     2304
4648     4608
4649     4608
4650     11520
4651     4608
4652     9216
4653     9216
4654     26496
4655     2304
4656     4608
4657     4608
4658     11520
4659     4608
4660     9216
4661     9216
4662     26496
4663     2304
4664     4608
4665     4608
4666     11520
4667     4608
4668     9216
4669     9216
4670     26496
4671     2304
4672     4608
4673     4608
4674     11520
4675     4608
4676     9216
4677     9216
4678     26496
4679     2304
4680     4608
4681     4608
4682     11520
4683     4608
4684     9216
4685     9216
4686     26496
4687     2304
4688     4608
4689     4608
4690     11520
4691     4608
4692     9216
4693     9216
4694     26496
4695     2304
4696     4608
4697     4608
4698     11520
4699     4608
4700     9216
4701     9216
4702     26496
4703     2304
4704     4608
4705     4608
4706     11520
4707     4608
4708     9216
4709     9216
4710     26496
4711     2304
4712     4608
4713     4608
4714     11520
4715     4608
4716     9216
4717     9216
4718     26496
4719     2304
4720     4608
4721     4608
4722     11520
4723     4608
4724     9216
4725     9216
4726     26496
4727     2304
4728     4608
4729     4608
4730     11520
4731     4608
4732     9216
4733     9216
4734     26496
4735     2304
4736     4608
4737     4608
4738     11520
4739     4608
4740     9216
4741     9216
4742     26496
4743     2304
4744     4608
4745     4608
4746     11520
4747     4608
4748     9216
4749     9216
4750     26496
4751     2304
4752     4608
4753     4608
4754     11520
4755     4608
4756     9216
4757     9216
4758     26496
4759     2304
4760     4608
4761     4608
4762     11520
4763     4608
4764     9216
4765     9216
4766     26496
4767     2304
4768     4608
4769     4608
4770     11520
4771     4608
4772     9216
4773     9216
4774     26496
4775     2304
4776     4608
4777     4608
4778     11520
4779     4608
4780     9216
4781     9216
4782     26496
4783     2304
4784     4608
4785     4608
4786     11520
4787     4608
4788     9216
4789     9216
4790     26496
4791     2304
4792     4608
4793     4608
4794     11520
4795     4608
4796     9216
4797     9216
4798     26496
4799     2304
4800     4608
4801     4608
4802     11520
4803     4608
4804     9216
4805     9216
4806     26496
4807     2304
4808     4608
4809     4608
4810     11520
4811     4608
4812     9216
4813     9216
4814     26496
4815     2304
4816     4608
4817     4608
4818     11520
4819     4608
4820     9216
4821     9216
4822     26496
4823     2304
4824     4608
4825     4608
4826     11520
4827     4608
4828     9216
4829     9216
4830     26496
4831     2304
4832     4608
4833     4608
4834     11520
4835     4608
4836     9216
4837     9216
4838     26496
4839     2304
4840     4608
4841     4608
4842     11520
4843     4608
4844     9216
4845     9216
4846     26496
4847     2304
4848     4608
4849     4608
4850     11520
4851     4608
4852     9216
4853     9216
4854     26496
4855     2304
4856     4608
4857     4608
4858     11520
4859     4608
4860     9216
4861     9216
4862     26496
4863     2304
4864     4608
4865     4608
4866     11520
4867     4608
4868     9216
4869     9216
4870     26496
4871     2304
4872     4608
4873     4608
4874     11520
4875     4608
4876     9216
4877     9216
4878     26496
4879     2304
4880     4608
4881     4608
4882     11520
4883     4608
4884     9216
4885     9216
4886     26496
4887     2304
4888     4608
4889     4608
4890     11520
4891     4608
4892     9216
4893     9216
4894     26496
4895     2304
4896     4608
4897     4608
4898     11520
4899     4608
4900     9216
4901     9216
4902     26496
4903     2304
4904     4608
4905     4608
4906     11520
4907     4608
4908     9216
4909     9216
4910     26496
4911     2304
4912     4608
4913     4608
4914     11520
4915     4608
4916     9216
4917     9216
4918     26496
4919     2304
4920     4608
4921     4608
4922     11520
4923     4608
4924     9216
4925     9216
4926     26496
4927     2304
4928     4608
4929     4608
4930     11520
4931     4608
4932     9216
4933     9216
4934     26496
4935     2304
4936     4608
4937     4608
4938     11520
4939     4608
4940     9216
4941     9216
4942     26496
4943     2304
4944     4608
4945     4608
4946     11520
4947     4608
4948     9216
4949     9216
4950     26496
4951     2304
4952     4608
4953     4608
4954     11520
4955     4608
4956     9216
4957     9216
4958     26496
4959     2304
4960     4608
4961     4608
4962     11520
4963     4608
4964     9216
4965     9216
4966     26496
4967     2304
4968     4608
4969     4608
4970     11520
4971     4608
4972     9216
4973     9216
4974     26496
4975     2304
4976     4608
4977     4608
4978     11520
4979     4608
4980     9216
4981     9216
4982     26496
4983     2304
4984     4608
4985     4608
4986     11520
4987     4608
4988     9216
4989     9216
4990     26496
4991     2304
4992     4608
4993     4608
4994     11520
4995     4608
4996     9216
4997     9216
4998     26496
4999     2304
5000     4608
5001     4608
5002     11520
5003     4608
5004     9216
5005     9216
5006     26496
5007     2304
5008     4608
5009     4608
5010     11520
5011     4608
5012     9216
5013     9216
5014     26496
5015     2304
5016     4608
5017     4608
5018     11520
5019     4608
5020     9216
5021     9216
5022     26496
5023     2304
5024     4608
5025     4608
5026     11520
5027     4608
5028     9216
5029     9216
5030     26496
5031     2304
5032     4608
5033     4608
5034     11520
5035     4608
5036     9216
5037     9216
5038     26496
5039     2304
5040     4608
5041     4608
5042     11520
5043     4608
5044     9216
5045     9216
5046     26496
5047     2304
5048     4608
5049     4608
5050     11520
5051     4608
5052     9216
5053     9216
5054     26496
5055     2304
5056     4608
5057     4608
5058     11520
5059     4608
5060     9216
5061     9216
5062     26496
5063     2304
5064     4608
5065     4608
5066     11520
5067     4608
5068     9216
5069     9216
5070     26496
5071     2304
5072     4608
5073     4608
5074     11520
5075     4608
5076     9216
5077     9216
5078     26496
5079     2304
5080     4608
5081     4608
5082     11520
5083     4608
5084     9216
5085     9216
5086     26496
5087     2304
5088     4608
5089     4608
5090     11520
5091     4608
5092     9216
5093     9216
5094     26496
5095     2304
5096     4608
5097     4608
5098     11520
5099     4608
5100     9216
5101     9216
5102     26496
5103     2304
5104     4608
5105     4608
5106     11520
5107     4608
5108     9216
5109     9216
5110     26496
5111     2304
5112     4608
5113     4608
5114     11520
5115     4608
5116     9216
5117     9216
5118     26496
5119     2304
5120     4608
5121     4608
5122     11520
5123     4608
5124     9216
5125     9216
5126     26496
5127     2304
5128     4608
5129     4608
5130     11520
5131     4608
5132     9216
5133     9216
5134     26496
5135     2304
5136     4608
5137     4608
5138     11520
5139     4608
5140     9216
5141     9216
5142     26496
5143     2304
5144     4608
5145     4608
5146     11520
5147     4608
5148     9216
5149     9216
5150     26496
5151     2304
5152     4608
5153     4608
5154     11520
5155     4608
5156     9216
5157     9216
5158     26496
5159     2304
5160     4608
5161     4608
5162     11520
5163     4608
5164     9216
5165     9216
5166     26496
5167     2304
5168     4608
5169     4608
5170     11520
5171     4608
5172     9216
5173     9216
5174     26496
5175     2304
5176     4608
5177     4608
5178     11520
5179     4608
5180     9216
5181     9216
5182     26496
5183     2304
5184     4608
5185     4608
5186     11520
5187     4608
5188     9216
5189     9216
5190     26496
5191     2304
5192     4608
5193     4608
5194     11520
5195     4608
5196     9216
5197     9216
5198     26496
5199     2304
5200     4608
5201     4608
5202     11520
5203     4608
5204     9216
5205     9216
5206     26496
5207     2304
5208     4608
5209     4608
5210     11520
5211     4608
5212     9216
5213     9216
5214     26496
5215     2304
5216     4608
5217     4608
5218     11520
5219     4608
5220     9216
5221     9216
5222     26496
5223     2304
5224     4608
5225     4608
5226     11520
5227     4608
5228     9216
5229     9216
5230     26496
5231     2304
5232     4608
5233     4608
5234     11520
5235     4608
5236     9216
5237     9216
5238     26496
5239     2304
5240     4608
5241     4608
5242     11520
5243     4608
5244     9216
5245     9216
5246     26496
5247     2304
5248     4608
5249     4608
5250     11520
5251     460