0     0
1     888
2     1464
3     1536
4     2304
5     1608
6     2628
7     1500
8     1968
9     1920
10     2412
11     2004
12     2832
13     1308
14     1464
15     1284
16     1272
17     1320
18     1392
19     1428
20     1104
21     1284
22     1680
23     1068
24     1212
25     1512
26     1152
27     1428
28     1332
29     1716
30     1368
31     1500
32     1836
33     1344
34     1680
35     1632
36     1308
37     1740
38     1596
39     1752
40     1656
41     1716
42     1668
43     2028
44     2136
45     1848
46     2148
47     1392
48     1548
49     1560
50     1344
51     1584
52     1656
53     1248
54     1272
55     1656
56     1416
57     2328
58     1092
59     864
60     876
61     840
62     696
63     408
64     288
65     264
