0     0
1     696
2     1116
3     1176
4     1656
5     1224
6     1992
7     1104
8     1320
9     1332
10     1374
11     1554
12     1578
13     1566
14     1578
15     1800
16     1674
17     1842
18     2070
19     1692
20     1488
21     1500
22     1686
23     1512
24     1758
25     1758
26     1812
27     1830
28     1758
29     2022
30     1872
31     1716
32     2226
33     1668
34     2172
35     1536
36     2052
37     2418
38     1830
39     2064
40     1794
41     2232
42     1860
43     2112
44     1998
45     2256
46     2184
47     2442
48     2298
49     2196
50     2154
51     1740
52     2010
53     1938
54     1746
55     1908
56     1536
57     2100
58     2016
59     2490
60     2052
61     3024
62     966
63     1092
64     768
65     846
66     306
67     264
68     198
69     270
70     96
71     54
