0     0
0     0
0     0
0     0
0     0
0     0
0     0
0     0
0     0
0     0
0     0
0     0
0     0
0     0
0     0
0     0
0     0
0     0
0     0
0     0
0     0
0     0
0     0
0     0
0     0
1     246
1     246
1     246
1     246
1     246
1     246
1     246
1     246
1     246
1     246
1     246
1     246
1     246
1     246
1     246
1     246
1     246
1     246
1     246
1     246
1     246
1     246
1     246
1     246
1     246
1     246
1     246
1     246
1     246
1     246
1     246
1     246
1     246
1     246
1     246
1     246
1     246
1     246
1     246
1     246
1     246
1     246
1     246
1     246
1     246
1     246
1     246
1     246
1     246
1     246
1     246
1     246
1     246
1     246
1     246
1     246
1     246
1     246
1     246
1     246
1     246
1     246
1     246
1     246
2     297
2     297
2     297
2     297
2     297
2     297
2     297
2     297
2     297
2     297
2     297
2     297
2     297
2     297
2     297
2     297
2     297
2     297
2     297
2     297
2     297
2     297
2     297
2     297
2     297
2     297
2     297
2     297
2     297
2     297
2     297
2     297
2     297
2     297
2     297
2     297
2     297
2     297
2     297
2     297
2     297
2     297
2     297
2     297
2     297
2     297
2     297
2     297
2     297
2     297
2     297
2     297
2     297
2     297
2     297
2     297
2     297
2     297
2     297
2     297
2     297
2     297
2     297
2     297
3     336
3     336
3     336
3     336
3     336
3     336
3     336
3     336
3     336
3     336
3     336
3     336
3     336
3     336
3     336
3     336
4     387
4     387
4     387
4     387
4     387
4     387
4     387
4     387
4     387
4     387
4     387
4     387
4     387
4     387
4     387
4     387
5     420
5     420
5     420
5     420
6     444
6     444
6     444
6     444
7     408
7     408
7     408
7     408
8     429
8     429
9     414
9     414
10     468
10     468
11     468
11     468
12     414
12     414
13     516
13     516
14     441
14     441
15     603
15     603
16     429
16     429
17     504
17     504
18     468
18     468
19     441
19     441
20     462
20     462
21     414
21     414
22     486
22     486
23     540
23     540
24     420
24     420
25     465
25     465
26     510
26     510
27     411
27     411
28     513
28     513
29     474
29     474
30     447
30     447
31     390
31     390
32     387
32     387
33     411
33     411
34     402
34     402
35     351
35     351
36     432
36     432
37     441
37     441
38     414
38     414
39     432
39     432
40     408
40     408
41     432
41     432
42     441
42     441
43     489
43     489
44     510
44     510
45     429
45     429
46     438
46     438
47     432
47     432
48     408
48     408
49     435
49     435
50     435
50     435
51     417
51     417
52     459
52     459
53     405
53     405
54     435
54     435
54     435
54     435
55     351
55     351
55     351
55     351
56     477
56     477
56     477
56     477
56     477
56     477
56     477
56     477
57     360
57     360
57     360
57     360
57     360
57     360
57     360
57     360
58     429
58     429
58     429
58     429
58     429
58     429
58     429
58     429
58     429
58     429
58     429
58     429
58     429
58     429
58     429
58     429
59     369
59     369
59     369
59     369
59     369
59     369
59     369
59     369
59     369
59     369
59     369
59     369
59     369
59     369
59     369
59     369
60     432
60     432
60     432
60     432
60     432
60     432
60     432
60     432
60     432
60     432
60     432
60     432
60     432
60     432
60     432
60     432
60     432
60     432
60     432
60     432
60     432
60     432
60     432
60     432
60     432
60     432
60     432
60     432
60     432
60     432
60     432
60     432
61     417
61     417
61     417
61     417
61     417
61     417
61     417
61     417
61     417
61     417
61     417
61     417
61     417
61     417
61     417
61     417
62     459
62     459
62     459
62     459
62     459
62     459
62     459
62     459
62     459
62     459
62     459
62     459
62     459
62     459
62     459
62     459
63     411
63     411
63     411
63     411
63     411
63     411
63     411
63     411
64     495
64     495
64     495
64     495
64     495
64     495
64     495
64     495
65     426
65     426
65     426
65     426
66     417
66     417
66     417
66     417
67     399
67     399
67     399
67     399
68     486
68     486
68     486
68     486
69     390
69     390
69     390
69     390
70     426
70     426
70     426
70     426
71     396
71     396
71     396
71     396
72     438
72     438
72     438
72     438
73     438
73     438
73     438
73     438
74     492
74     492
74     492
74     492
75     453
75     453
75     453
75     453
76     411
76     411
76     411
76     411
77     393
77     393
77     393
77     393
78     366
78     366
78     366
78     366
79     414
79     414
79     414
79     414
80     330
80     330
80     330
80     330
81     474
81     474
81     474
81     474
82     351
82     351
82     351
82     351
83     468
83     468
83     468
83     468
84     375
84     375
84     375
84     375
85     432
85     432
85     432
85     432
86     441
86     441
86     441
86     441
87     303
87     303
87     303
87     303
88     318
88     318
88     318
88     318
89     273
89     273
89     273
89     273
90     267
90     267
90     267
90     267
91     273
91     273
91     273
91     273
92     327
92     327
92     327
92     327
93     237
93     237
93     237
93     237
94     312
94     312
94     312
94     312
95     168
95     168
95     168
95     168
96     156
96     156
96     156
96     156
97     180
97     180
97     180
97     180
98     195
98     195
98     195
98     195
99     216
99     216
99     216
99     216
100     195
100     195
100     195
100     195
101     207
101     207
101     207
101     207
101     207
101     207
101     207
101     207
102     219
102     219
102     219
102     219
102     219
102     219
102     219
102     219
103     237
103     237
103     237
103     237
103     237
103     237
103     237
103     237
104     213
104     213
104     213
104     213
104     213
104     213
104     213
104     213
105     204
105     204
105     204
105     204
105     204
105     204
105     204
105     204
106     249
106     249
106     249
106     249
106     249
106     249
106     249
106     249
107     174
107     174
107     174
107     174
107     174
107     174
107     174
107     174
108     198
108     198
108     198
108     198
108     198
108     198
108     198
108     198
109     195
109     195
109     195
109     195
109     195
109     195
109     195
109     195
110     219
110     219
110     219
110     219
110     219
110     219
110     219
110     219
111     198
111     198
111     198
111     198
111     198
111     198
111     198
111     198
112     204
112     204
112     204
112     204
112     204
112     204
112     204
112     204
113     162
113     162
113     162
113     162
113     162
113     162
113     162
113     162
114     177
114     177
114     177
114     177
114     177
114     177
114     177
114     177
115     186
115     186
115     186
115     186
115     186
115     186
115     186
115     186
116     162
116     162
116     162
116     162
116     162
116     162
116     162
116     162
117     234
117     234
117     234
117     234
117     234
117     234
117     234
117     234
118     168
118     168
118     168
118     168
118     168
118     168
118     168
118     168
119     201
119     201
119     201
119     201
119     201
119     201
119     201
119     201
120     162
120     162
120     162
120     162
120     162
120     162
120     162
120     162
121     174
121     174
121     174
121     174
121     174
121     174
121     174
121     174
122     135
122     135
122     135
122     135
122     135
122     135
122     135
122     135
123     177
123     177
123     177
123     177
123     177
123     177
123     177
123     177
124     129
124     129
124     129
124     129
124     129
124     129
124     129
124     129
125     171
125     171
125     171
125     171
125     171
125     171
125     171
125     171
126     123
126     123
126     123
126     123
126     123
126     123
126     123
126     123
127     156
127     156
127     156
127     156
127     156
127     156
127     156
127     156
128     141
128     141
128     141
128     141
128     141
128     141
128     141
128     141
129     177
129     177
129     177
129     177
129     177
129     177
129     177
129     177
130     186
130     186
130     186
130     186
130     186
130     186
130     186
130     186
131     111
131     111
131     111
131     111
131     111
131     111
131     111
131     111
132     102
132     102
132     102
132     102
132     102
132     102
132     102
132     102
133     117
133     117
133     117
133     117
133     117
133     117
133     117
133     117
134     99
134     99
134     99
134     99
134     99
134     99
134     99
134     99
135     114
135     114
135     114
135     114
135     114
135     114
135     114
135     114
135     114
135     114
135     114
135     114
135     114
135     114
135     114
135     114
136     120
136     120
136     120
136     120
136     120
136     120
136     120
136     120
136     120
136     120
136     120
136     120
136     120
136     120
136     120
136     120
137     132
137     132
137     132
137     132
137     132
137     132
137     132
137     132
137     132
137     132
137     132
137     132
137     132
137     132
137     132
137     132
138     99
138     99
138     99
138     99
138     99
138     99
138     99
138     99
138     99
138     99
138     99
138     99
138     99
138     99
138     99
138     99
138     99
138     99
138     99
138     99
138     99
138     99
138     99
138     99
138     99
138     99
138     99
138     99
138     99
138     99
138     99
138     99
139     87
139     87
139     87
139     87
139     87
139     87
139     87
139     87
139     87
139     87
139     87
139     87
139     87
139     87
139     87
139     87
139     87
139     87
139     87
139     87
139     87
139     87
139     87
139     87
139     87
139     87
139     87
139     87
139     87
139     87
139     87
139     87
139     87
139     87
139     87
139     87
139     87
139     87
139     87
139     87
139     87
139     87
139     87
139     87
139     87
139     87
139     87
139     87
139     87
139     87
139     87
139     87
139     87
139     87
139     87
139     87
139     87
139     87
139     87
139     87
139     87
139     87
139     87
139     87
139     87
139     87
139     87
139     87
139     87
139     87
139     87
139     87
139     87
139     87
139     87
139     87
139     87
139     87
139     87
139     87
139     87
139     87
139     87
139     87
139     87
139     87
139     87
139     87
139     87
139     87
139     87
139     87
139     87
139     87
139     87
139     87
139     87
139     87
139     87
139     87
139     87
139     87
139     87
139     87
139     87
139     87
139     87
139     87
139     87
139     87
139     87
139     87
139     87
139     87
139     87
139     87
139     87
139     87
139     87
139     87
139     87
139     87
139     87
139     87
139     87
139     87
139     87
139     87
140     117
140     117
140     117
140     117
140     117
140     117
140     117
140     117
140     117
140     117
140     117
140     117
140     117
140     117
140     117
140     117
140     117
140     117
140     117
140     117
140     117
140     117
140     117
140     117
140     117
140     117
140     117
140     117
140     117
140     117
140     117
140     117
140     117
140     117
140     117
140     117
140     117
140     117
140     117
140     117
140     117
140     117
140     117
140     117
140     117
140     117
140     117
140     117
140     117
140     117
140     117
140     117
140     117
140     117
140     117
140     117
140     117
140     117
140     117
140     117
140     117
140     117
140     117
140     117
140     117
140     117
140     117
140     117
140     117
140     117
140     117
140     117
140     117
140     117
140     117
140     117
140     117
140     117
140     117
140     117
140     117
140     117
140     117
140     117
140     117
140     117
140     117
140     117
140     117
140     117
140     117
140     117
140     117
140     117
140     117
140     117
140     117
140     117
140     117
140     117
140     117
140     117
140     117
140     117
140     117
140     117
140     117
140     117
140     117
140     117
140     117
140     117
140     117
140     117
140     117
140     117
140     117
140     117
140     117
140     117
140     117
140     117
140     117
140     117
140     117
140     117
140     117
140     117
141     66
141     66
141     66
141     66
141     66
141     66
141     66
141     66
141     66
141     66
141     66
141     66
141     66
141     66
141     66
141     66
141     66
141     66
141     66
141     66
141     66
141     66
141     66
141     66
141     66
141     66
141     66
141     66
141     66
141     66
141     66
141     66
141     66
141     66
141     66
141     66
141     66
141     66
141     66
141     66
141     66
141     66
141     66
141     66
141     66
141     66
141     66
141     66
141     66
141     66
141     66
141     66
141     66
141     66
141     66
141     66
141     66
141     66
141     66
141     66
141     66
141     66
141     66
141     66
141     66
141     66
141     66
141     66
141     66
141     66
141     66
141     66
141     66
141     66
141     66
141     66
141     66
141     66
141     66
141     66
141     66
141     66
141     66
141     66
141     66
141     66
141     66
141     66
141     66
141     66
141     66
141     66
141     66
141     66
141     66
141     66
141     66
141     66
141     66
141     66
141     66
141     66
141     66
141     66
141     66
141     66
141     66
141     66
141     66
141     66
141     66
141     66
141     66
141     66
141     66
141     66
141     66
141     66
141     66
141     66
141     66
141     66
141     66
141     66
141     66
141     66
141     66
141     66
142     57
142     57
142     57
142     57
142     57
142     57
142     57
142     57
142     57
142     57
142     57
142     57
142     57
142     57
142     57
142     57
142     57
142     57
142     57
142     57
142     57
142     57
142     57
142     57
142     57
142     57
142     57
142     57
142     57
142     57
142     57
142     57
142     57
142     57
142     57
142     57
142     57
142     57
142     57
142     57
142     57
142     57
142     57
142     57
142     57
142     57
142     57
142     57
142     57
142     57
142     57
142     57
142     57
142     57
142     57
142     57
142     57
142     57
142     57
142     57
142     57
142     57
142     57
142     57
142     57
142     57
142     57
142     57
142     57
142     57
142     57
142     57
142     57
142     57
142     57
142     57
142     57
142     57
142     57
142     57
142     57
142     57
142     57
142     57
142     57
142     57
142     57
142     57
142     57
142     57
142     57
142     57
142     57
142     57
142     57
142     57
142     57
142     57
142     57
142     57
142     57
142     57
142     57
142     57
142     57
142     57
142     57
142     57
142     57
142     57
142     57
142     57
142     57
142     57
142     57
142     57
142     57
142     57
142     57
142     57
142     57
142     57
142     57
142     57
142     57
142     57
142     57
142     57
143     69
143     69
143     69
143     69
143     69
143     69
143     69
143     69
143     69
143     69
143     69
143     69
143     69
143     69
143     69
143     69
143     69
143     69
143     69
143     69
143     69
143     69
143     69
143     69
143     69
143     69
143     69
143     69
143     69
143     69
143     69
143     69
143     69
143     69
143     69
143     69
143     69
143     69
143     69